0.0616114
0.0947867
0.0947867
0.0616114
0.0616114
0.0236967
0.0236967
0.0663507
0.056872
0
0
0.0616114
0.0758294
0.118483
0.118483
0.0805687
0.312796
0.175355
0.118483
0.393365
0.255924
0.236967
0.236967
0.270142
0.165877
0.161137
0.49763
1.09479
0.412322
0.260664
0.49763
0.805687

0.0677966
0.112994
0.0903955
0.0338983
0.0847458
0.00564972
0.0282486
0.0734463
0.079096
0.0282486
0.00564972
0.079096
0.0338983
0.0960452
0.112994
0.0677966
0.305085
0.19209
0.19209
0.310734
0.265537
0.242938
0.237288
0.254237
0.146893
0.124294
0.480226
1.00565
0.389831
0.271186
0.463277
0.875706

0.0434783
0.0966184
0.115942
0.0821256
0.0676328
0.0241546
0.00483092
0.057971
0.0724638
0.0483092
0.0483092
0.0676328
0.0628019
0.0966184
0.0772947
0.0338164
0.338164
0.154589
0.236715
0.270531
0.246377
0.2657
0.246377
0.241546
0.149758
0.198068
0.541063
1.13043
0.391304
0.246377
0.52657
0.898551

0.0772947
0.0966184
0.0821256
0.0434783
0.0531401
0.0241546
0.0338164
0.0724638
0.0724638
0.0483092
0.0338164
0.0628019
0.0289855
0.0966184
0.10628
0.0676328
0.299517
0.183575
0.217391
0.299517
0.231884
0.2657
0.256039
0.246377
0.202899
0.154589
0.502415
1.10628
0.36715
0.275362
0.487923
0.855072

0.0163934
0.0655738
0.0983607
0.0928962
0.0819672
0.0655738
0.0327869
0.0655738
0.0765027
0.010929
0.0491803
0.0928962
0.0765027
0.0983607
0.0601093
0.0163934
0.273224
0.245902
0.229508
0.251366
0.251366
0.240437
0.240437
0.26776
0.147541
0.213115
0.486339
1.11475
0.486339
0.218579
0.530055
0.814208

0.0947368
0.1
0.0684211
0.0210526
0.0631579
0.0210526
0.0631579
0.0789474
0.0789474
0.0736842
0.0315789
0.0789474
0.0157895
0.0473684
0.0894737
0.0736842
0.284211
0.226316
0.263158
0.226316
0.252632
0.242105
0.252632
0.252632
0.221053
0.173684
0.442105
1.08947
0.389474
0.273684
0.531579
0.889474

0.0514706
0.110294
0.110294
0.0588235
0.0735294
0
0
0.0735294
0.0735294
0
0
0.0735294
0.0514706
0.147059
0.117647
0.0588235
0.330882
0.147059
0.147059
0.375
0.25
0.257353
0.227941
0.264706
0.110294
0.110294
0.551471
1.03676
0.382353
0.279412
0.419118
0.845588

0.0434783
0.118012
0.124224
0.0559006
0.0807453
0.00621118
0
0.0745342
0.0807453
0.0310559
0.0310559
0.0745342
0.0559006
0.0931677
0.0931677
0.0372671
0.341615
0.161491
0.217391
0.279503
0.26087
0.248447
0.248447
0.242236
0.118012
0.142857
0.540373
1.04348
0.416149
0.236025
0.47205
0.913043

0.0592593
0.148148
0.111111
0.0666667
0.0592593
0
0
0.0518519
0.0666667
0
0
0.0592593
0.0666667
0.148148
0.118519
0.0444444
0.385185
0.111111
0.125926
0.377778
0.251852
0.296296
0.22963
0.222222
0.103704
0.133333
0.585185
1.04444
0.340741
0.251852
0.42963
0.881481

0.0592105
0.118421
0.0986842
0.0592105
0.0789474
0
0
0.0657895
0.0789474
0
0
0.0723684
0.0592105
0.131579
0.125
0.0526316
0.335526
0.144737
0.151316
0.368421
0.276316
0.25
0.223684
0.25
0.111842
0.118421
0.532895
1.01316
0.368421
0.256579
0.447368
0.888158

0.0456853
0
0
0
0.071066
0
0
0
0.106599
0.101523
0.101523
0.0913706
0.111675
0.126904
0.126904
0.116751
0.0456853
0.071066
0.401015
0.482233
0.335025
0.228426
0.228426
0.208122
0.263959
0.213198
0.274112
0.959391
0.182741
0.436548
0.766497
0.908629

0.0437158
0.010929
0
0
0.0928962
0
0
0
0.136612
0.136612
0.120219
0.114754
0.0819672
0.0819672
0.0819672
0.0983607
0.0546448
0.0928962
0.508197
0.344262
0.355191
0.229508
0.202186
0.213115
0.262295
0.218579
0.256831
0.95082
0.174863
0.431694
0.79235
1

0.035503
0
0
0
0.0769231
0
0.0236686
0.035503
0.118343
0.118343
0.142012
0.142012
0.112426
0.0887574
0.0650888
0.0414201
0.035503
0.136095
0.52071
0.307692
0.343195
0.207101
0.230769
0.218935
0.218935
0.254438
0.301775
0.994083
0.284024
0.390533
0.781065
0.964497

0.054878
0
0
0
0.0914634
0
0
0
0.140244
0.121951
0.109756
0.0914634
0.0487805
0.0853659
0.115854
0.140244
0.054878
0.0914634
0.463415
0.390244
0.335366
0.207317
0.22561
0.231707
0.304878
0.170732
0.25
0.957317
0.140244
0.439024
0.756098
0.969512

0.0491803
0
0
0
0.0819672
0.0382514
0.0765027
0.10929
0.120219
0.136612
0.136612
0.0928962
0.0655738
0.0601093
0.0327869
0
0.0491803
0.306011
0.486339
0.15847
0.31694
0.234973
0.245902
0.202186
0.224044
0.278689
0.355191
1.06011
0.480874
0.289618
0.73224
0.885246

0.0724638
0
0
0
0.123188
0.00724638
0
0
0.152174
0.173913
0.130435
0.0869565
0
0.0289855
0.0869565
0.137681
0.0724638
0.130435
0.543478
0.253623
0.347826
0.210145
0.217391
0.224638
0.347826
0.173913
0.231884
0.978261
0.130435
0.427536
0.789855
1.05072

0.0481928
0.0060241
0
0
0.0963855
0
0
0.0120482
0.150602
0.150602
0.150602
0.13253
0.0843373
0.060241
0.060241
0.0481928
0.0542169
0.108434
0.584337
0.253012
0.379518
0.216867
0.210843
0.192771
0.246988
0.23494
0.277108
0.951807
0.204819
0.391566
0.813253
1.07831

0.044586
0.0127389
0
0
0.0955414
0
0
0.0127389
0.121019
0.127389
0.127389
0.11465
0.0764331
0.0955414
0.0955414
0.0764331
0.0573248
0.10828
0.490446
0.343949
0.33758
0.235669
0.22293
0.203822
0.248408
0.203822
0.292994
0.949045
0.197452
0.414013
0.745223
0.980892

0.0472973
0
0
0
0.0810811
0
0
0
0.128378
0.135135
0.135135
0.108108
0.0810811
0.101351
0.101351
0.0810811
0.0472973
0.0810811
0.506757
0.364865
0.337838
0.236486
0.236486
0.189189
0.263514
0.216216
0.283784
0.952703
0.162162
0.425676
0.77027
0.993243

0.0522876
0
0
0
0.0980392
0.0326797
0.00653595
0
0.130719
0.163399
0.137255
0.104575
0.0261438
0.0718954
0.0980392
0.0784314
0.0522876
0.137255
0.535948
0.27451
0.30719
0.267974
0.24183
0.183007
0.300654
0.196078
0.261438
0.941177
0.163399
0.418301
0.718954
0.993464

0.0722222
0
0.00555556
0.0888889
0.0888889
0.00555556
0.111111
0.116667
0.0944444
0.105556
0.05
0.0833333
0.0666667
0.05
0
0.0611111
0.166667
0.322222
0.333333
0.177778
0.322222
0.161111
0.166667
0.35
0.188889
0.372222
0.383333
1.29444
0.511111
0.3
0.805556
0.822222

0.0657895
0.0263158
0.00657895
0.105263
0.0855263
0
0.0921053
0.118421
0.0855263
0.0657895
0.0592105
0.0657895
0.0789474
0.0921053
0
0.0526316
0.203947
0.296053
0.276316
0.223684
0.315789
0.184211
0.157895
0.342105
0.177632
0.342105
0.473684
1.33553
0.5
0.276316
0.769737
0.796053

0.0361446
0
0.0060241
0.10241
0.0843373
0
0.126506
0.126506
0.0963855
0.114458
0.0421687
0.0903614
0.0843373
0.060241
0
0.0301205
0.144578
0.337349
0.343373
0.174699
0.301205
0.174699
0.174699
0.349398
0.108434
0.427711
0.373494
1.25904
0.554217
0.295181
0.801205
0.789157

0.08125
0
0
0.04375
0.0875
0.00625
0.10625
0.14375
0.1125
0.125
0.0625
0.09375
0.03125
0.04375
0
0.0625
0.125
0.34375
0.39375
0.1375
0.3125
0.175
0.16875
0.34375
0.2125
0.30625
0.375
1.2375
0.51875
0.325
0.74375
0.83125

0.00680272
0
0
0.0884354
0.102041
0
0.115646
0.142857
0.108844
0.102041
0.0544218
0.102041
0.0952381
0.0680272
0
0.0136054
0.0952381
0.360544
0.367347
0.176871
0.312925
0.170068
0.170068
0.346939
0.0748299
0.401361
0.360544
1.18367
0.598639
0.285714
0.782313
0.77551

0.0909091
0
0
0.020979
0.0839161
0.013986
0.111888
0.167832
0.104895
0.146853
0.0629371
0.104895
0.00699301
0.013986
0
0.0699301
0.111888
0.377622
0.41958
0.0909091
0.286713
0.174825
0.174825
0.363636
0.237762
0.286713
0.356643
1.24476
0.552448
0.335664
0.706294
0.818182

0.0414201
0
0
0.0414201
0.112426
0.00591716
0.0946746
0.118343
0.100592
0.112426
0.0887574
0.0650888
0.0769231
0.0828402
0
0.0591716
0.0828402
0.331361
0.366864
0.218935
0.331361
0.201183
0.183432
0.284024
0.195266
0.325444
0.372781
1.17751
0.526627
0.319527
0.804734
0.781065

0.0559441
0.027972
0
0.0909091
0.0979021
0
0.0839161
0.111888
0.0979021
0.041958
0.0839161
0.0699301
0.0629371
0.111888
0.00699301
0.0559441
0.174825
0.293706
0.293706
0.237762
0.314685
0.181818
0.174825
0.328671
0.195804
0.27972
0.482517
1.28671
0.468531
0.27972
0.734266
0.79021

0.0805369
0.0268456
0
0.0939597
0.0939597
0
0.0939597
0.100671
0.107383
0.0671141
0.0671141
0.0671141
0.0604027
0.0872483
0
0.0536913
0.201342
0.288591
0.308725
0.201342
0.342282
0.181208
0.161074
0.315436
0.201342
0.315436
0.456376
1.28859
0.449664
0.275168
0.778524
0.852349

0.0725806
0.0241935
0.00806452
0.0967742
0.0967742
0
0.0967742
0.120968
0.0887097
0.0403226
0.0725806
0.0806452
0.0483871
0.0887097
0
0.0645161
0.201613
0.314516
0.282258
0.201613
0.306452
0.153226
0.177419
0.362903
0.209677
0.282258
0.483871
1.33871
0.491935
0.274194
0.725806
0.790323

0.0617978
0
0
0.0674157
0.0898876
0.0168539
0.0168539
0.0786517
0.0955056
0.0786517
0.0730337
0.0786517
0.0786517
0.0955056
0.101124
0.0674157
0.129213
0.202247
0.325843
0.342697
0.325843
0.191011
0.191011
0.292135
0.219101
0.241573
0.376404
1.12921
0.359551
0.320225
0.707865
0.882023

0.0300752
0.0225564
0
0.0977444
0.105263
0.0150376
0.0150376
0.105263
0.112782
0.0601504
0.0827068
0.0977444
0.075188
0.0902256
0.0676692
0.0225564
0.150376
0.240602
0.353383
0.255639
0.323308
0.18797
0.165414
0.323308
0.150376
0.24812
0.428571
1.15038
0.421053
0.270677
0.676692
0.894737

0.0526316
0
0
0.0994152
0.0818713
0.0175439
0.0175439
0.0877193
0.0877193
0.0701754
0.0994152
0.0935673
0.0760234
0.0935673
0.0760234
0.0467836
0.152047
0.204678
0.350877
0.292398
0.298246
0.181287
0.192982
0.327485
0.216374
0.263158
0.432749
1.23977
0.368421
0.304094
0.707602
0.877193

0.0764331
0
0
0.0318471
0.0955414
0.0127389
0.0127389
0.11465
0.11465
0.089172
0.0700637
0.0955414
0.0382166
0.0764331
0.089172
0.0828025
0.10828
0.235669
0.369427
0.286624
0.324841
0.178344
0.171975
0.324841
0.242038
0.171975
0.369427
1.10828
0.388535
0.343949
0.649682
0.89172

0.0320513
0
0
0.108974
0.0897436
0.0192308
0.0192308
0.0961538
0.102564
0.0961538
0.121795
0.102564
0.0705128
0.0705128
0.0512821
0.0192308
0.141026
0.224359
0.423077
0.211538
0.294872
0.185897
0.192308
0.326923
0.192308
0.294872
0.429487
1.24359
0.391026
0.288462
0.730769
0.910256

0.0844156
0
0
0.025974
0.103896
0.0194805
0.012987
0.0909091
0.0974026
0.0974026
0.0779221
0.103896
0.0324675
0.0584416
0.0974026
0.0974026
0.11039
0.227273
0.376623
0.285714
0.318182
0.175325
0.188312
0.318182
0.279221
0.168831
0.337662
1.1039
0.350649
0.357143
0.662338
0.902597

0.0736842
0
0.0105263
0.0631579
0.105263
0.0105263
0
0.0736842
0.0947368
0.0947368
0.0526316
0.0947368
0.0526316
0.105263
0.126316
0.0421053
0.147368
0.189474
0.336842
0.326316
0.326316
0.210526
0.189474
0.273684
0.178947
0.210526
0.378947
1.04211
0.326316
0.336842
0.631579
0.936842

0.0564516
0.0241935
0
0.0564516
0.0806452
0.016129
0.016129
0.0806452
0.0887097
0.0806452
0.0967742
0.0887097
0.0564516
0.112903
0.0967742
0.0483871
0.137097
0.193548
0.354839
0.314516
0.282258
0.233871
0.209677
0.274194
0.217742
0.209677
0.427419
1.12903
0.330645
0.330645
0.637097
0.870968

0.0636943
0
0
0.0700637
0.0955414
0.0191083
0.0191083
0.089172
0.0955414
0.0764331
0.0700637
0.089172
0.0700637
0.0955414
0.0955414
0.0509554
0.133758
0.22293
0.33121
0.312102
0.324841
0.191083
0.184713
0.299363
0.203822
0.235669
0.388535
1.12739
0.382166
0.312102
0.681529
0.88535

0.0727273
0
0
0.0727273
0.0727273
0
0
0.0969697
0.0787879
0.0787879
0.0545455
0.0969697
0.0787879
0.115152
0.115152
0.0666667
0.145455
0.169697
0.309091
0.375758
0.30303
0.193939
0.169697
0.333333
0.193939
0.230303
0.412121
1.1697
0.345455
0.357576
0.654545
0.872727

0
0.0405405
0.108108
0.0608108
0.141892
0.135135
0.0743243
0.0675676
0.0472973
0
0.0743243
0.128378
0
0
0.0337838
0.0878378
0.209459
0.418919
0.25
0.121622
0.189189
0.175676
0.290541
0.344595
0.297297
0.135135
0.351351
1.12838
0.594595
0.216216
0.486486
0.682432

0
0.0176991
0.106195
0.0707965
0.079646
0.141593
0.0442478
0.0884956
0.0530973
0.0265487
0.141593
0.141593
0
0.00884956
0.0176991
0.0619469
0.19469
0.353982
0.362832
0.0884956
0.132743
0.19469
0.309735
0.362832
0.345133
0.141593
0.433628
1.28319
0.548673
0.238938
0.477876
0.707965

0
0.0131579
0.0921053
0.0592105
0.0921053
0.144737
0.0986842
0.0657895
0.0921053
0.00657895
0.0657895
0.125
0
0
0.0526316
0.0921053
0.164474
0.401316
0.289474
0.144737
0.184211
0.164474
0.309211
0.342105
0.302632
0.164474
0.296053
1.10526
0.559211
0.223684
0.506579
0.690789

0.0142857
0.0571429
0.114286
0.05
0.164286
0.121429
0.0714286
0.0714286
0
0
0.0928571
0.135714
0
0
0.0142857
0.0928571
0.235714
0.428571
0.228571
0.107143
0.178571
0.178571
0.292857
0.35
0.321429
0.121429
0.4
1.19286
0.614286
0.228571
0.485714
0.657143

0
0
0.0704225
0.056338
0.0352113
0.147887
0.112676
0.0704225
0.140845
0.028169
0.0704225
0.15493
0
0
0.0492958
0.0633803
0.126761
0.366197
0.394366
0.112676
0.176056
0.176056
0.302817
0.34507
0.28169
0.197183
0.267606
1.09155
0.507042
0.246479
0.507042
0.746479

0.057971
0.0942029
0.130435
0.0507246
0.115942
0.0869565
0.057971
0.0724638
0
0
0.0942029
0.123188
0
0
0.0144928
0.101449
0.333333
0.333333
0.217391
0.115942
0.173913
0.181159
0.297101
0.347826
0.34058
0.108696
0.5
1.2971
0.536232
0.224638
0.478261
0.73913

0
0.0252101
0.117647
0.0336134
0.092437
0.142857
0.092437
0.0420168
0.0504202
0.0252101
0.142857
0.12605
0
0.00840336
0.0588235
0.0420168
0.176471
0.369748
0.344538
0.109244
0.142857
0.201681
0.411765
0.243697
0.327731
0.151261
0.369748
1.09244
0.529412
0.201681
0.478992
0.722689

0
0.00793651
0.103175
0.031746
0.0555556
0.142857
0.0873016
0.0396825
0.0873016
0.031746
0.150794
0.134921
0
0.00793651
0.0634921
0.0555556
0.142857
0.325397
0.404762
0.126984
0.142857
0.190476
0.404762
0.261905
0.349206
0.150794
0.34127
1.10317
0.468254
0.230159
0.5
0.753968

0
0.00806452
0.104839
0.0564516
0.0645161
0.137097
0.0806452
0.0806452
0.0725806
0.0241935
0.137097
0.129032
0
0.00806452
0.0403226
0.0564516
0.169355
0.362903
0.362903
0.104839
0.137097
0.177419
0.362903
0.322581
0.330645
0.16129
0.395161
1.20968
0.548387
0.217742
0.491935
0.709677

0
0.0263158
0.122807
0.0701754
0.0964912
0.140351
0.0350877
0.0877193
0.0438596
0.0263158
0.140351
0.140351
0
0
0.00877193
0.0614035
0.219298
0.359649
0.350877
0.0701754
0.140351
0.192982
0.307018
0.359649
0.342105
0.131579
0.447368
1.2807
0.570175
0.22807
0.473684
0.719298

0.111628
0.116279
0
0.0604651
0.0790698
0.0744186
0
0.0697674
0.0697674
0.0604651
0.0232558
0.0697674
0.055814
0.0325581
0.111628
0.0651163
0.288372
0.223256
0.223256
0.265116
0.316279
0.283721
0.134884
0.265116
0.274419
0.176744
0.413953
1.13023
0.348837
0.227907
0.581395
0.939535

0.101449
0.144928
0.0289855
0.0724638
0.0724638
0.0869565
0
0.0724638
0.0724638
0.0724638
0
0.0724638
0.057971
0.00724638
0.108696
0.0289855
0.347826
0.231884
0.217391
0.202899
0.304348
0.311594
0.137681
0.246377
0.217391
0.202899
0.427536
1.0942
0.391304
0.181159
0.536232
0.978261

0.0935961
0.118227
0
0.0837438
0.0935961
0.0738916
0
0.0689655
0.0738916
0.0591133
0.0591133
0.0837438
0.0591133
0.0246305
0.0788177
0.0295567
0.295566
0.236453
0.275862
0.192118
0.320197
0.275862
0.137931
0.26601
0.256158
0.20197
0.448276
1.17241
0.364532
0.197044
0.610837
0.970443

0.128342
0.117647
0
0.026738
0.0802139
0.0748663
0
0.0855615
0.0802139
0.0695187
0.0213904
0.0748663
0.0320856
0.026738
0.106952
0.0748663
0.272727
0.240642
0.245989
0.240642
0.320856
0.28877
0.128342
0.262032
0.299465
0.128342
0.406417
1.09626
0.358289
0.245989
0.545455
0.946524

0.0421687
0.0662651
0
0.0722892
0.126506
0.108434
0
0.0963855
0.0903614
0.0783133
0.0722892
0.0903614
0.060241
0.0240964
0.060241
0.0120482
0.180723
0.331325
0.331325
0.156627
0.319277
0.277108
0.13253
0.271084
0.23494
0.210843
0.373494
1.09036
0.487952
0.204819
0.614458
0.891566

0.124294
0.0960452
0
0.0169492
0.0903955
0.0903955
0
0.0847458
0.0847458
0.0677966
0.0282486
0.0847458
0.0169492
0.0225989
0.107345
0.0847458
0.237288
0.265537
0.265537
0.231638
0.316384
0.276836
0.135593
0.271186
0.327684
0.101695
0.372881
1.07345
0.367232
0.259887
0.531073
0.926554

0.10274
0.123288
0.0479452
0.0616438
0.0684932
0.0753425
0
0.0684932
0.0684932
0.0821918
0.0342466
0.0821918
0.0479452
0.0136986
0.10274
0.0205479
0.335616
0.212329
0.267123
0.184932
0.287671
0.294521
0.184932
0.232877
0.232877
0.191781
0.452055
1.10959
0.376712
0.19863
0.534247
0.993151

0.0882353
0.110294
0.0441176
0.0588235
0.0735294
0.0882353
0
0.0661765
0.0735294
0.0882353
0
0.0588235
0.0514706
0.0294118
0.110294
0.0588235
0.301471
0.227941
0.220588
0.25
0.286765
0.316176
0.154412
0.242647
0.235294
0.198529
0.397059
1.07353
0.389706
0.235294
0.544118
0.919118

0.111111
0.125
0.0486111
0.0625
0.0694444
0.0763889
0
0.0625
0.0694444
0.0694444
0.00694444
0.0694444
0.0555556
0.0208333
0.104167
0.0486111
0.347222
0.208333
0.215278
0.229167
0.305556
0.291667
0.159722
0.243056
0.243056
0.1875
0.4375
1.11111
0.375
0.208333
0.548611
0.972222

0.0857143
0.121429
0.0285714
0.0714286
0.0714286
0.0857143
0
0.0642857
0.0714286
0.0785714
0.0357143
0.0785714
0.05
0.0214286
0.1
0.0357143
0.307143
0.221429
0.264286
0.207143
0.278571
0.307143
0.164286
0.25
0.242857
0.2
0.428571
1.12143
0.364286
0.214286
0.55
0.95

0.0627803
0.0986547
0.107623
0.058296
0.0672646
0.0762332
0.0269058
0.0672646
0.0627803
0.0493274
0.044843
0.0717489
0.0403587
0.0179372
0.0896861
0.058296
0.327354
0.237668
0.2287
0.206278
0.233184
0.242152
0.269058
0.255605
0.242152
0.174888
0.457399
1.13004
0.452915
0.197309
0.511211
0.878924

0.0566038
0.113208
0.119497
0.0566038
0.0691824
0.0691824
0
0.0691824
0.0628931
0.0628931
0
0.0628931
0.0503145
0.0314465
0.125786
0.0503145
0.345912
0.207547
0.188679
0.257862
0.238994
0.27673
0.245283
0.238994
0.176101
0.169811
0.446541
1.03145
0.446541
0.207547
0.459119
0.899371

0.0408163
0.0969388
0.112245
0.0714286
0.0816327
0.0867347
0.0204082
0.0714286
0.0714286
0.0561224
0.0561224
0.0867347
0.0459184
0.0102041
0.0663265
0.0255102
0.321429
0.260204
0.270408
0.147959
0.239796
0.25
0.255102
0.255102
0.209184
0.193878
0.459184
1.11735
0.489796
0.178571
0.515306
0.897959

0.0765306
0.112245
0.0969388
0.0357143
0.0663265
0.0765306
0.0306122
0.0867347
0.0714286
0.0561224
0.0459184
0.0765306
0.0153061
0.0102041
0.0765306
0.0663265
0.321429
0.260204
0.25
0.168367
0.229592
0.255102
0.25
0.265306
0.265306
0.137755
0.464286
1.13265
0.459184
0.209184
0.479592
0.877551

0.0292398
0.0877193
0.0994152
0.0818713
0.0935673
0.111111
0.0175439
0.0877193
0.0877193
0.0643275
0.0994152
0.0877193
0.0409357
0
0.0116959
0
0.298246
0.309942
0.339181
0.0526316
0.251462
0.263158
0.22807
0.25731
0.239766
0.204678
0.48538
1.18713
0.538012
0.152047
0.555556
0.900585

0.0648649
0.0918919
0.0594595
0.0162162
0.0810811
0.0864865
0.0756757
0.0864865
0.0702703
0.0540541
0.027027
0.0810811
0.0162162
0.0108108
0.0918919
0.0864865
0.232432
0.32973
0.232432
0.205405
0.232432
0.243243
0.254054
0.27027
0.264865
0.162162
0.356757
1.05405
0.491892
0.232432
0.508108
0.789189

0.0506329
0.126582
0.120253
0.056962
0.0696203
0.0759494
0.00632911
0.0506329
0.0632911
0.0632911
0.00632911
0.0506329
0.056962
0.0253165
0.120253
0.056962
0.35443
0.202532
0.183544
0.259494
0.240506
0.291139
0.253165
0.21519
0.189873
0.183544
0.436709
1.02532
0.43038
0.196203
0.487342
0.898734

0.0481928
0.120482
0.120482
0.0542169
0.060241
0.0722892
0
0.0722892
0.0662651
0.060241
0
0.060241
0.0481928
0.0421687
0.120482
0.0542169
0.343374
0.204819
0.186747
0.26506
0.222892
0.295181
0.240964
0.240964
0.174699
0.162651
0.457831
1.03614
0.445783
0.216867
0.439759
0.873494

0.0514286
0.114286
0.114286
0.0514286
0.0685714
0.0628571
0
0.08
0.0742857
0.0685714
0
0.0742857
0.0514286
0.0228571
0.114286
0.0514286
0.331429
0.211429
0.217143
0.24
0.245714
0.268571
0.228571
0.257143
0.165714
0.171429
0.434286
1.02857
0.457143
0.217143
0.468571
0.908571

0.036036
0.135135
0.126126
0.0540541
0.0720721
0.0810811
0
0.0630631
0.0720721
0.0810811
0
0.0720721
0.036036
0.00900901
0.126126
0.036036
0.351351
0.216216
0.225225
0.207207
0.216216
0.306306
0.252252
0.225225
0.153153
0.171171
0.423423
0.972973
0.441441
0.198198
0.423423
0.918919

0.106383
0
0
0.070922
0.0780142
0.0070922
0.120567
0.134752
0.113475
0.163121
0.070922
0
0.106383
0.0283688
0
0
0.177305
0.340426
0.347518
0.134752
0.404255
0.198582
0.191489
0.205674
0.184397
0.460993
0.411348
1.26241
0.58156
0.191489
0.93617
0.929078

0.145985
0
0
0.0875912
0.109489
0.00729927
0.131387
0.0656934
0.131387
0.138686
0.0437956
0
0.124088
0.0145985
0
0
0.233577
0.313869
0.313869
0.138686
0.510949
0.160584
0.175182
0.153285
0.19708
0.481752
0.357664
1.18978
0.50365
0.153285
1.0365
1.05839

0.105634
0
0.0211268
0.133803
0.0774648
0.028169
0.140845
0.0704225
0.112676
0.147887
0.0422535
0
0.105634
0.0140845
0
0
0.260563
0.316901
0.302817
0.119718
0.401408
0.190141
0.204225
0.204225
0.176056
0.528169
0.387324
1.29577
0.514085
0.161972
0.971831
0.964789

0.107143
0
0
0.0142857
0.0785714
0
0.0785714
0.157143
0.114286
0.164286
0.114286
0.0214286
0.107143
0.0428571
0
0
0.121429
0.314286
0.414286
0.15
0.407143
0.207143
0.192857
0.192857
0.221429
0.364286
0.435714
1.21429
0.578571
0.228571
0.885714
0.942857

0.0517241
0
0.00862069
0.12931
0.103448
0.0172414
0.155172
0.0775862
0.12069
0.172414
0.0517241
0
0.103448
0.00862069
0
0
0.189655
0.353448
0.344828
0.112069
0.37931
0.198276
0.215517
0.206897
0.12069
0.560345
0.327586
1.21552
0.543103
0.181034
0.991379
0.913793

0.107143
0
0
0
0.0785714
0
0.0142857
0.0928571
0.107143
0.142857
0.164286
0.0857143
0.114286
0.0785714
0.0142857
0
0.107143
0.185714
0.5
0.207143
0.407143
0.221429
0.192857
0.178571
0.271429
0.271429
0.442857
1.16429
0.392857
0.307143
0.842857
1.02857

0.142857
0
0
0.0779221
0.116883
0
0.116883
0.0779221
0.103896
0.155844
0.0519481
0
0.142857
0.012987
0
0
0.220779
0.311688
0.311688
0.155844
0.506494
0.168831
0.168831
0.155844
0.194805
0.493506
0.363636
1.20779
0.532468
0.168831
1.05195
1.03896

0.146341
0
0
0.0731707
0.0853659
0
0.146341
0.0731707
0.158537
0.134146
0.0365854
0
0.134146
0.0121951
0
0
0.219512
0.304878
0.329268
0.146341
0.52439
0.146341
0.182927
0.146341
0.182927
0.487805
0.341463
1.15854
0.512195
0.146341
1.04878
1.07317

0.118812
0
0
0.0693069
0.0990099
0
0.148515
0.0792079
0.128713
0.188119
0.029703
0
0.128713
0.00990099
0
0
0.188119
0.326733
0.346535
0.138614
0.475248
0.19802
0.178218
0.148515
0.148515
0.534653
0.306931
1.13861
0.534653
0.19802
1.0396
1.0099

0.110092
0.0275229
0
0.0550459
0.0917431
0
0.12844
0.100917
0.100917
0.146789
0.0733945
0
0.12844
0.0366972
0
0
0.192661
0.321101
0.321101
0.165138
0.431193
0.211009
0.201835
0.155963
0.183486
0.458716
0.40367
1.20183
0.550459
0.183486
0.963303
0.944954

0.0641026
0.0811966
0.0897436
0.0641026
0.0555556
0.0512821
0.0470085
0.0598291
0.0555556
0.0512821
0.0470085
0.0641026
0.0555556
0.0726496
0.0769231
0.0641026
0.299145
0.213675
0.217949
0.269231
0.230769
0.25641
0.260684
0.252137
0.226496
0.217949
0.478633
1.17521
0.418803
0.252137
0.559829
0.824786

0.037234
0.0904255
0.0797872
0.0638298
0.0691489
0.037234
0.0531915
0.0744681
0.0797872
0.037234
0.0531915
0.0744681
0.0585106
0.0797872
0.0797872
0.0319149
0.271277
0.234043
0.244681
0.25
0.244681
0.244681
0.265957
0.244681
0.159574
0.212766
0.478723
1.09574
0.446809
0.223404
0.542553
0.840425

0.0336538
0.0625
0.0721154
0.0673077
0.0721154
0.0673077
0.0432692
0.0673077
0.0625
0.0528846
0.0625
0.0769231
0.0721154
0.0817308
0.0673077
0.0384615
0.235577
0.25
0.254808
0.259615
0.240385
0.264423
0.245192
0.25
0.201923
0.235577
0.447115
1.13462
0.461538
0.25
0.576923
0.798077

0.0585366
0.0731707
0.0585366
0.0292683
0.0585366
0.0487805
0.0682927
0.0829268
0.0731707
0.0634146
0.0487805
0.0682927
0.0390244
0.0682927
0.0780488
0.0829268
0.219512
0.258537
0.253659
0.268293
0.229268
0.253659
0.253659
0.263415
0.239024
0.2
0.419512
1.12195
0.439024
0.282927
0.560976
0.780488

0.0215054
0.0483871
0.0752688
0.0752688
0.0806452
0.0806452
0.0645161
0.0806452
0.0591398
0.0537634
0.0752688
0.0752688
0.0698925
0.0698925
0.0483871
0.0215054
0.22043
0.306452
0.263441
0.209677
0.231183
0.252688
0.263441
0.252688
0.198925
0.263441
0.446237
1.16129
0.532258
0.22043
0.591398
0.763441

0.0744681
0.0691489
0.0478723
0.0265957
0.0638298
0.0638298
0.0797872
0.0744681
0.0744681
0.0744681
0.0478723
0.0797872
0.0212766
0.0478723
0.0691489
0.0851064
0.218085
0.281915
0.276596
0.223404
0.234043
0.255319
0.244681
0.265957
0.271277
0.202128
0.388298
1.12766
0.425532
0.287234
0.569149
0.797872

0.0520231
0.0751445
0.0867052
0.0520231
0.0867052
0.0751445
0
0.0635838
0.0867052
0.0867052
0.00578035
0.0635838
0.0462428
0.0693642
0.0924855
0.0578035
0.265896
0.225434
0.242775
0.265896
0.271676
0.306358
0.184971
0.236994
0.190751
0.184971
0.404624
1.01734
0.421965
0.277457
0.520231
0.872832

0.0531915
0.0638298
0.101064
0.0478723
0.0797872
0.0797872
0.00531915
0.0691489
0.0797872
0.0851064
0.00531915
0.0691489
0.0425532
0.0585106
0.101064
0.0585106
0.265957
0.234043
0.239362
0.260638
0.255319
0.287234
0.212766
0.244681
0.196809
0.180851
0.398936
1.02128
0.446809
0.271277
0.5
0.861702

0.0402299
0.0632184
0.091954
0.0689655
0.0804598
0.0862069
0.00574713
0.0747126
0.0689655
0.0804598
0.00574713
0.0632184
0.0574713
0.0632184
0.091954
0.0574713
0.264368
0.247126
0.218391
0.270115
0.247126
0.293103
0.195402
0.264368
0.189655
0.212644
0.408046
1.07471
0.471264
0.264368
0.522988
0.821839

0.0523256
0.0755814
0.0872093
0.0523256
0.0872093
0.0755814
0
0.0639535
0.0872093
0.0872093
0.00581395
0.0639535
0.0465116
0.0697674
0.0872093
0.0581395
0.267442
0.226744
0.244186
0.261628
0.273256
0.30814
0.180233
0.238372
0.19186
0.186047
0.406977
1.02326
0.424419
0.27907
0.523256
0.872093

0.0630631
0.108108
0.027027
0.045045
0.0585586
0.027027
0.0540541
0.0675676
0.0675676
0.045045
0.0675676
0.0720721
0.0540541
0.0900901
0.0900901
0.0630631
0.243243
0.207207
0.252252
0.297297
0.243243
0.27027
0.238739
0.247748
0.220721
0.198198
0.468468
1.13514
0.355856
0.27027
0.572072
0.828829

0.0346821
0.0924855
0.0289017
0.0751445
0.0809249
0.0289017
0.0635838
0.0635838
0.0867052
0.0115607
0.0693642
0.0693642
0.0751445
0.104046
0.0867052
0.0289017
0.231214
0.236994
0.236994
0.294798
0.277457
0.236994
0.248555
0.236994
0.16185
0.225434
0.468208
1.09249
0.404624
0.213873
0.601156
0.83237

0.029703
0.0693069
0.00990099
0.049505
0.0841584
0.049505
0.0643564
0.0742574
0.0693069
0.0247525
0.0940594
0.0742574
0.0792079
0.0990099
0.0891089
0.039604
0.158416
0.272277
0.262376
0.306931
0.262376
0.242574
0.257426
0.237624
0.212871
0.217822
0.425743
1.09406
0.435644
0.237624
0.613861
0.772277

0.0789474
0.110526
0.0157895
0.0210526
0.0578947
0.0210526
0.0684211
0.0789474
0.0842105
0.0631579
0.0789474
0.0736842
0.0263158
0.0684211
0.0789474
0.0736842
0.226316
0.226316
0.3
0.247368
0.247368
0.263158
0.242105
0.247368
0.252632
0.178947
0.452632
1.13158
0.347368
0.278947
0.578947
0.852632

0.0289017
0.0578035
0.0115607
0.0520231
0.0867052
0.0578035
0.0693642
0.0924855
0.0693642
0.0520231
0.104046
0.0809249
0.0751445
0.0809249
0.0578035
0.0231214
0.150289
0.306358
0.306358
0.236994
0.260116
0.248555
0.242775
0.248555
0.213873
0.248555
0.427746
1.13873
0.485549
0.236994
0.635838
0.774567

0.0842697
0.0898876
0.011236
0.011236
0.0674157
0.0449438
0.0617978
0.0674157
0.0842697
0.0674157
0.0842697
0.0842697
0.0168539
0.0617978
0.0786517
0.0842697
0.196629
0.241573
0.320225
0.241573
0.252809
0.264045
0.235955
0.247191
0.297753
0.157303
0.410112
1.11236
0.337079
0.297753
0.578652
0.848315

0.0308642
0.0864198
0.0123457
0.0185185
0.0802469
0.0617284
0.0679012
0.0740741
0.0802469
0.0308642
0.104938
0.0740741
0.0432099
0.0925926
0.0925926
0.0493827
0.148148
0.283951
0.290123
0.277778
0.234568
0.271605
0.277778
0.216049
0.246914
0.160494
0.419753
1.04321
0.41358
0.246914
0.549383
0.765432

0.0440252
0.0880503
0.00628931
0.0188679
0.0880503
0.0628931
0.0566038
0.0691824
0.081761
0.0440252
0.081761
0.0754717
0.0503145
0.0943396
0.0943396
0.0440252
0.157233
0.27673
0.283019
0.283019
0.264151
0.289308
0.238994
0.207547
0.232704
0.169811
0.402516
1.01258
0.402516
0.257862
0.559748
0.798742

0.0555556
0.117284
0.0123457
0.0555556
0.0740741
0.00617284
0.0679012
0.0617284
0.0740741
0.0308642
0.0925926
0.0740741
0.0432099
0.104938
0.0925926
0.037037
0.240741
0.209877
0.271605
0.277778
0.246914
0.259259
0.265432
0.228395
0.191358
0.197531
0.5
1.11728
0.32716
0.246914
0.574074
0.851852

0.0503145
0.113208
0.0125786
0.0566038
0.0628931
0
0.0754717
0.0566038
0.0691824
0
0.0943396
0.0566038
0.0566038
0.125786
0.119497
0.0503145
0.232704
0.194969
0.220126
0.352201
0.238994
0.238994
0.301887
0.220126
0.194969
0.188679
0.509434
1.11321
0.320755
0.232704
0.572327
0.811321

0
0.00537634
0.0483871
0.0967742
0.0806452
0.123656
0.102151
0.0483871
0.0752688
0.123656
0.102151
0.0483871
0
0
0.0483871
0.0967742
0.150538
0.354839
0.349462
0.145161
0.155914
0.252688
0.301075
0.290323
0.322581
0.322581
0.301075
1.23656
0.451613
0.268817
0.677419
0.704301

0
0.0342857
0.0685714
0.102857
0.142857
0.131429
0.0914286
0.0228571
0.04
0.0914286
0.125714
0.0342857
0
0
0.0285714
0.0857143
0.205714
0.388571
0.291429
0.114286
0.182857
0.257143
0.314286
0.245714
0.342857
0.285714
0.354286
1.22857
0.48
0.211429
0.68
0.708571

0
0
0.0340909
0.0909091
0.0397727
0.119318
0.125
0.0340909
0.113636
0.142045
0.107955
0.0397727
0
0.0113636
0.0511364
0.0909091
0.125
0.318182
0.403409
0.153409
0.153409
0.272727
0.318182
0.255682
0.318182
0.357955
0.278409
1.21023
0.386364
0.284091
0.710227
0.732955

0.0104712
0.0366492
0.0732984
0.109948
0.125654
0.13089
0.0837696
0.0314136
0.0314136
0.0890052
0.115183
0.0471204
0
0
0.026178
0.0890052
0.230366
0.371728
0.282723
0.115183
0.167539
0.256545
0.298429
0.277487
0.34555
0.282723
0.376963
1.28272
0.47644
0.225131
0.65445
0.706806

0
0
0.00564972
0.0903955
0.00564972
0.0621469
0.129944
0.0451977
0.129944
0.141243
0.0903955
0.0338983
0.0282486
0.0564972
0.0847458
0.0960452
0.0960452
0.242938
0.39548
0.265537
0.163842
0.259887
0.310734
0.265537
0.248588
0.38983
0.288136
1.19209
0.322034
0.327684
0.740113
0.740113

0.052356
0.0680628
0.0890052
0.104712
0.104712
0.13089
0.0890052
0.0366492
0
0.0628272
0.109948
0.052356
0
0
0.0157068
0.0837696
0.314136
0.361257
0.225131
0.0994764
0.157068
0.26178
0.303665
0.277487
0.376963
0.256545
0.460733
1.37173
0.486911
0.198953
0.60733
0.712042

0
0
0.0392157
0.0849673
0.0718954
0.130719
0.124183
0.0196078
0.0980392
0.150327
0.124183
0.0326797
0
0
0.0392157
0.0849673
0.124183
0.346405
0.405229
0.124183
0.169935
0.281046
0.326797
0.222222
0.339869
0.359477
0.267974
1.18954
0.405229
0.267974
0.738562
0.738562

0
0
0.0457516
0.104575
0.0849673
0.130719
0.111111
0.0130719
0.0915033
0.130719
0.124183
0.0261438
0
0
0.0392157
0.0980392
0.150327
0.339869
0.372549
0.137255
0.176471
0.261438
0.320261
0.24183
0.352941
0.346405
0.287582
1.22876
0.398693
0.254902
0.745098
0.738562

0
0
0.0365854
0.097561
0.0731707
0.128049
0.115854
0.0426829
0.0914634
0.134146
0.115854
0.0243902
0
0.00609756
0.0487805
0.0853659
0.134146
0.359756
0.365854
0.140244
0.164634
0.268293
0.317073
0.25
0.329268
0.347561
0.29878
1.22561
0.439024
0.25
0.713415
0.713415

0
0
0.0365854
0.097561
0.0731707
0.128049
0.115854
0.0426829
0.0914634
0.134146
0.115854
0.0243902
0
0.00609756
0.0487805
0.0853659
0.134146
0.359756
0.365854
0.140244
0.164634
0.268293
0.317073
0.25
0.329268
0.347561
0.29878
1.22561
0.439024
0.25
0.713415
0.713415

0.0847458
0.105932
0.105932
0.101695
0.0423729
0.0211864
0.0254237
0.0466102
0.0550847
0.0423729
0.0550847
0.0550847
0.0550847
0.0762712
0.0677966
0.059322
0.398305
0.135593
0.207627
0.258475
0.237288
0.245763
0.254237
0.262712
0.220339
0.224576
0.576271
1.2839
0.34322
0.233051
0.576271
0.911017

0.0988142
0.0988142
0.083004
0.0909091
0.0671937
0.0355731
0.0355731
0.0513834
0.0632411
0.0316206
0.0395257
0.055336
0.0513834
0.0750988
0.0671937
0.055336
0.371542
0.189723
0.189723
0.249012
0.280632
0.241107
0.225296
0.252964
0.229249
0.209486
0.537549
1.22925
0.375494
0.217391
0.58498
0.909091

0.0394737
0.0657895
0.0833333
0.0833333
0.0877193
0.0570175
0.0394737
0.0745614
0.0526316
0.0263158
0.0482456
0.0526316
0.0745614
0.0921053
0.0745614
0.0482456
0.27193
0.258772
0.179825
0.289474
0.254386
0.241228
0.245614
0.258772
0.192982
0.223684
0.486842
1.16228
0.491228
0.219298
0.574561
0.780702

0.0769231
0.0721154
0.0625
0.0432692
0.0576923
0.0576923
0.0769231
0.0913462
0.0721154
0.0480769
0.0480769
0.0528846
0.0336538
0.0721154
0.0673077
0.0673077
0.254808
0.283654
0.221154
0.240385
0.240385
0.25
0.254808
0.254808
0.25
0.201923
0.466346
1.17308
0.471154
0.240385
0.557692
0.783654

0.0277778
0.0555556
0.0777778
0.0944444
0.0833333
0.0722222
0.05
0.0555556
0.05
0.0666667
0.0888889
0.0833333
0.0722222
0.0611111
0.0444444
0.0166667
0.255556
0.261111
0.288889
0.194444
0.233333
0.255556
0.261111
0.25
0.205556
0.283333
0.461111
1.2
0.466667
0.227778
0.622222
0.822222

0.0894737
0.0789474
0.0526316
0.0315789
0.0631579
0.0421053
0.0631579
0.1
0.0789474
0.0842105
0.0684211
0.0736842
0.0157895
0.0421053
0.0526316
0.0631579
0.252632
0.268421
0.305263
0.173684
0.247368
0.247368
0.236842
0.268421
0.263158
0.194737
0.463158
1.18947
0.436842
0.263158
0.573684
0.857895

0.0988142
0.0988142
0.083004
0.0909091
0.0671937
0.0355731
0.0355731
0.0513834
0.0632411
0.0316206
0.0395257
0.055336
0.0513834
0.0750988
0.0671937
0.055336
0.371542
0.189723
0.189723
0.249012
0.280632
0.241107
0.225296
0.252964
0.229249
0.209486
0.537549
1.22925
0.375494
0.217391
0.58498
0.909091

0.0988142
0.0988142
0.083004
0.0909091
0.0671937
0.0355731
0.0355731
0.0513834
0.0632411
0.0316206
0.0395257
0.055336
0.0513834
0.0750988
0.0671937
0.055336
0.371542
0.189723
0.189723
0.249012
0.280632
0.241107
0.225296
0.252964
0.229249
0.209486
0.537549
1.22925
0.375494
0.217391
0.58498
0.909091

0.0988142
0.0988142
0.083004
0.0909091
0.0671937
0.0355731
0.0355731
0.0513834
0.0632411
0.0316206
0.0395257
0.055336
0.0513834
0.0750988
0.0671937
0.055336
0.371542
0.189723
0.189723
0.249012
0.280632
0.241107
0.225296
0.252964
0.229249
0.209486
0.537549
1.22925
0.375494
0.217391
0.58498
0.909091

0.0988142
0.0988142
0.083004
0.0909091
0.0671937
0.0355731
0.0355731
0.0513834
0.0632411
0.0316206
0.0395257
0.055336
0.0513834
0.0750988
0.0671937
0.055336
0.371542
0.189723
0.189723
0.249012
0.280632
0.241107
0.225296
0.252964
0.229249
0.209486
0.537549
1.22925
0.375494
0.217391
0.58498
0.909091

0.0802469
0.123457
0.123457
0.0864198
0.0617284
0.0308642
0.0308642
0.0679012
0.0802469
0.0123457
0.00617284
0.0802469
0.0740741
0.0432099
0.0246914
0.0740741
0.41358
0.191358
0.179012
0.216049
0.296296
0.209877
0.185185
0.308642
0.191358
0.203704
0.530864
1.23457
0.45679
0.209877
0.580247
0.91358

0.0486111
0.138889
0.138889
0.0486111
0.104167
0.0277778
0.00694444
0.0972222
0.111111
0.00694444
0.0138889
0.104167
0.0486111
0.0208333
0.0416667
0.0416667
0.375
0.236111
0.236111
0.152778
0.3125
0.194444
0.201389
0.291667
0.131944
0.111111
0.506944
1.04167
0.520833
0.173611
0.479167
0.965278

0.0493827
0.123457
0.123457
0.0925926
0.0740741
0.0617284
0.037037
0.0740741
0.0617284
0.0123457
0.0123457
0.0740741
0.0925926
0.0432099
0.0185185
0.0493827
0.388889
0.246914
0.160494
0.203704
0.277778
0.240741
0.191358
0.290123
0.17284
0.234568
0.518519
1.21605
0.537037
0.179012
0.574074
0.845679

0.0805369
0.120805
0.107383
0.0402685
0.0738255
0.033557
0.0469799
0.100671
0.100671
0.0201342
0
0.0805369
0.033557
0.0402685
0.0268456
0.0939597
0.348993
0.255034
0.201342
0.194631
0.288591
0.214765
0.181208
0.315436
0.208054
0.14094
0.489933
1.15436
0.496644
0.234899
0.52349
0.865772

0.02
0.08
0.12
0.1
0.1
0.0866667
0.04
0.08
0.0733333
0.00666667
0.0133333
0.1
0.1
0.0466667
0.0133333
0.02
0.32
0.306667
0.193333
0.18
0.293333
0.22
0.186667
0.3
0.14
0.246667
0.46
1.14667
0.606667
0.173333
0.573333
0.82

0.0933333
0.126667
0.0866667
0.0266667
0.0733333
0.0266667
0.08
0.106667
0.0933333
0.0333333
0
0.08
0.02
0.02
0.0266667
0.106667
0.333333
0.286667
0.206667
0.173333
0.28
0.206667
0.193333
0.32
0.226667
0.16
0.46
1.16667
0.5
0.24
0.546667
0.846667

0.0486111
0.138889
0.138889
0.0486111
0.104167
0.0277778
0.00694444
0.0972222
0.111111
0.00694444
0.0138889
0.104167
0.0486111
0.0208333
0.0416667
0.0416667
0.375
0.236111
0.236111
0.152778
0.3125
0.194444
0.201389
0.291667
0.131944
0.111111
0.506944
1.04167
0.520833
0.173611
0.479167
0.965278

0.0486111
0.138889
0.138889
0.0486111
0.104167
0.0277778
0.00694444
0.0972222
0.111111
0.00694444
0.0138889
0.104167
0.0486111
0.0208333
0.0416667
0.0416667
0.375
0.236111
0.236111
0.152778
0.3125
0.194444
0.201389
0.291667
0.131944
0.111111
0.506944
1.04167
0.520833
0.173611
0.479167
0.965278

0.0486111
0.138889
0.138889
0.0486111
0.104167
0.0277778
0.00694444
0.0972222
0.111111
0.00694444
0.0138889
0.104167
0.0486111
0.0208333
0.0416667
0.0416667
0.375
0.236111
0.236111
0.152778
0.3125
0.194444
0.201389
0.291667
0.131944
0.111111
0.506944
1.04167
0.520833
0.173611
0.479167
0.965278

0.0486111
0.138889
0.138889
0.0486111
0.104167
0.0277778
0.00694444
0.0972222
0.111111
0.00694444
0.0138889
0.104167
0.0486111
0.0208333
0.0416667
0.0416667
0.375
0.236111
0.236111
0.152778
0.3125
0.194444
0.201389
0.291667
0.131944
0.111111
0.506944
1.04167
0.520833
0.173611
0.479167
0.965278

0.0788382
0.0829876
0.0829876
0.0788382
0.0788382
0.0414938
0.0414938
0.0788382
0.0580913
0.0207469
0.0207469
0.0622407
0.0539419
0.0829876
0.0829876
0.0539419
0.323651
0.240664
0.161826
0.273859
0.26971
0.228216
0.228216
0.273859
0.195021
0.195021
0.506224
1.17012
0.456432
0.219917
0.539419
0.838174

0.1125
0.09375
0.09375
0.1125
0.08125
0
0
0.0625
0.06875
0
0
0.075
0.05625
0.09375
0.09375
0.05625
0.4125
0.14375
0.14375
0.3
0.31875
0.1875
0.1875
0.30625
0.16875
0.16875
0.56875
1.2125
0.35625
0.225
0.54375
0.96875

0.0441176
0.0490196
0.0686275
0.0735294
0.0931373
0.0490196
0.0490196
0.0931373
0.0735294
0.0245098
0.0441176
0.0735294
0.0588235
0.0980392
0.0784314
0.0294118
0.235294
0.284314
0.215686
0.264706
0.269608
0.220588
0.240196
0.269608
0.166667
0.205882
0.470588
1.11275
0.504902
0.22549
0.54902
0.79902

0.0935961
0.0738916
0.0640394
0.0492611
0.0837438
0.044335
0.0591133
0.103448
0.0738916
0.0246305
0.0147783
0.0689655
0.0246305
0.0738916
0.0837438
0.0640394
0.280788
0.29064
0.182266
0.246305
0.275862
0.216749
0.221675
0.285714
0.216749
0.157635
0.472906
1.133
0.482759
0.231527
0.512315
0.82266

0.027027
0.0648649
0.0810811
0.0972973
0.113514
0.0648649
0.0324324
0.0810811
0.0702703
0.0162162
0.0594595
0.0756757
0.0648649
0.0810811
0.0594595
0.0108108
0.27027
0.291892
0.221622
0.216216
0.275676
0.227027
0.232432
0.264865
0.162162
0.210811
0.491892
1.12973
0.518919
0.183784
0.556757
0.827027

0.0837696
0.0732984
0.0418848
0.0104712
0.0890052
0.0471204
0.078534
0.109948
0.078534
0.0471204
0.0157068
0.078534
0.0157068
0.0732984
0.0837696
0.0732984
0.209424
0.324607
0.219895
0.246073
0.267016
0.240838
0.219895
0.272251
0.219895
0.151832
0.408377
1.05236
0.492147
0.272251
0.507853
0.780105

0.1125
0.09375
0.09375
0.1125
0.08125
0
0
0.0625
0.06875
0
0
0.075
0.05625
0.09375
0.09375
0.05625
0.4125
0.14375
0.14375
0.3
0.31875
0.1875
0.1875
0.30625
0.16875
0.16875
0.56875
1.2125
0.35625
0.225
0.54375
0.96875

0.1125
0.09375
0.09375
0.1125
0.08125
0
0
0.0625
0.06875
0
0
0.075
0.05625
0.09375
0.09375
0.05625
0.4125
0.14375
0.14375
0.3
0.31875
0.1875
0.1875
0.30625
0.16875
0.16875
0.56875
1.2125
0.35625
0.225
0.54375
0.96875

0.1125
0.09375
0.09375
0.1125
0.08125
0
0
0.0625
0.06875
0
0
0.075
0.05625
0.09375
0.09375
0.05625
0.4125
0.14375
0.14375
0.3
0.31875
0.1875
0.1875
0.30625
0.16875
0.16875
0.56875
1.2125
0.35625
0.225
0.54375
0.96875

0.1125
0.09375
0.09375
0.1125
0.08125
0
0
0.0625
0.06875
0
0
0.075
0.05625
0.09375
0.09375
0.05625
0.4125
0.14375
0.14375
0.3
0.31875
0.1875
0.1875
0.30625
0.16875
0.16875
0.56875
1.2125
0.35625
0.225
0.54375
0.96875

0.123711
0.113402
0.118557
0.123711
0.0721649
0.0515464
0.0515464
0.0670103
0.0515464
0.0257732
0.0257732
0.0515464
0.0463918
0.0154639
0.0154639
0.0463918
0.479381
0.242268
0.154639
0.123711
0.293814
0.206186
0.21134
0.28866
0.247423
0.247423
0.587629
1.37113
0.474227
0.139175
0.613402
0.943299

0.101382
0.105991
0.115207
0.0967742
0.0691244
0.0506912
0.0368664
0.0691244
0.0691244
0.046083
0.0230415
0.0691244
0.0599078
0.0184332
0.0138249
0.0552995
0.419355
0.225806
0.207373
0.147465
0.299539
0.221198
0.18894
0.290323
0.230415
0.239631
0.529954
1.29032
0.470046
0.18894
0.617512
0.940092

0.0598802
0.0898204
0.113772
0.11976
0.107784
0.0898204
0.0598802
0.0838323
0.0598802
0.0299401
0.0299401
0.0598802
0.0538922
0.011976
0.011976
0.0179641
0.383234
0.341317
0.179641
0.0958084
0.281437
0.221557
0.215569
0.281437
0.197605
0.263473
0.508982
1.2515
0.592814
0.11976
0.592814
0.856287

0.0598802
0.0898204
0.113772
0.11976
0.107784
0.0898204
0.0598802
0.0838323
0.0598802
0.0299401
0.0299401
0.0598802
0.0538922
0.011976
0.011976
0.0179641
0.383234
0.341317
0.179641
0.0958084
0.281437
0.221557
0.215569
0.281437
0.197605
0.263473
0.508982
1.2515
0.592814
0.11976
0.592814
0.856287

0.0285714
0.0571429
0.0742857
0.114286
0.12
0.0971429
0.0914286
0.08
0.0857143
0.0285714
0.0571429
0.0571429
0.0742857
0.0114286
0.0114286
0.0114286
0.274286
0.388571
0.228571
0.108571
0.308571
0.194286
0.234286
0.262857
0.194286
0.308571
0.422857
1.18857
0.617143
0.108571
0.685714
0.822857

0.132911
0.0886076
0.0632911
0.0379747
0.0886076
0.0822785
0.101266
0.132911
0.0632911
0.0316456
0.0316456
0.0632911
0.00632911
0.00632911
0.0126582
0.056962
0.322785
0.405063
0.189873
0.0822785
0.291139
0.208861
0.208861
0.291139
0.303797
0.177215
0.493671
1.26582
0.607595
0.158228
0.556962
0.816456

0.101382
0.105991
0.115207
0.0967742
0.0691244
0.0506912
0.0368664
0.0691244
0.0691244
0.046083
0.0230415
0.0691244
0.0599078
0.0184332
0.0138249
0.0552995
0.419355
0.225806
0.207373
0.147465
0.299539
0.221198
0.18894
0.290323
0.230415
0.239631
0.529954
1.29032
0.470046
0.18894
0.617512
0.940092

0.101382
0.105991
0.115207
0.0967742
0.0691244
0.0506912
0.0368664
0.0691244
0.0691244
0.046083
0.0230415
0.0691244
0.0599078
0.0184332
0.0138249
0.0552995
0.419355
0.225806
0.207373
0.147465
0.299539
0.221198
0.18894
0.290323
0.230415
0.239631
0.529954
1.29032
0.470046
0.18894
0.617512
0.940092

0.101382
0.105991
0.115207
0.0967742
0.0691244
0.0506912
0.0368664
0.0691244
0.0691244
0.046083
0.0230415
0.0691244
0.0599078
0.0184332
0.0138249
0.0552995
0.419355
0.225806
0.207373
0.147465
0.299539
0.221198
0.18894
0.290323
0.230415
0.239631
0.529954
1.29032
0.470046
0.18894
0.617512
0.940092

0.101382
0.105991
0.115207
0.0967742
0.0691244
0.0506912
0.0368664
0.0691244
0.0691244
0.046083
0.0230415
0.0691244
0.0599078
0.0184332
0.0138249
0.0552995
0.419355
0.225806
0.207373
0.147465
0.299539
0.221198
0.18894
0.290323
0.230415
0.239631
0.529954
1.29032
0.470046
0.18894
0.617512
0.940092

0.142012
0.147929
0.147929
0.142012
0.0828402
0.0591716
0.0532544
0.0236686
0.0591716
0.0295858
0.0295858
0
0.0532544
0.0177515
0.0118343
0
0.579882
0.218935
0.118343
0.0828402
0.337278
0.254438
0.242604
0.16568
0.230769
0.278107
0.650888
1.32544
0.443787
0.0473373
0.64497
1.04734

0.127273
0.136364
0.136364
0.109091
0.0909091
0.0454545
0.0454545
0
0.0909091
0.0454545
0.0454545
0
0.0636364
0.0454545
0.0181818
0
0.509091
0.181818
0.181818
0.127273
0.372727
0.272727
0.245455
0.109091
0.218182
0.263636
0.6
1.19091
0.381818
0.0909091
0.681818
1.08182

0.0869565
0.108696
0.137681
0.144928
0.108696
0.0942029
0.0362319
0.0217391
0.0724638
0.0724638
0.0362319
0
0.057971
0.0217391
0
0
0.478261
0.26087
0.181159
0.0797101
0.326087
0.297101
0.210145
0.166667
0.217391
0.311594
0.557971
1.25362
0.478261
0.0942029
0.673913
0.985507

0.142857
0.119048
0.10119
0.0833333
0.0833333
0.0833333
0.0892857
0.0833333
0.0595238
0.0297619
0.0297619
0
0.0535714
0.0238095
0.0178571
0
0.446429
0.339286
0.119048
0.0952381
0.339286
0.255952
0.238095
0.166667
0.255952
0.255952
0.583333
1.2619
0.577381
0.0535714
0.625
0.922619

0.0373134
0.0746269
0.104478
0.141791
0.156716
0.126866
0.0970149
0.0223881
0.0746269
0.0373134
0.0373134
0
0.0671642
0.0149254
0.00746269
0
0.358209
0.402985
0.149254
0.0895522
0.335821
0.253731
0.246269
0.164179
0.201493
0.343284
0.432836
1.14179
0.597015
0.0522388
0.716418
0.850746

0.120482
0.0963855
0.0481928
0.0120482
0.10241
0.0843373
0.13253
0.150602
0.0903614
0.0301205
0.0301205
0
0.060241
0.0180723
0.0240964
0
0.277108
0.46988
0.150602
0.10241
0.373494
0.228916
0.23494
0.162651
0.23494
0.23494
0.475904
1.10843
0.728916
0.0481928
0.638554
0.825301

0.10101
0.121212
0.151515
0.10101
0.10101
0.10101
0
0
0.10101
0.10101
0.030303
0
0.0606061
0.030303
0
0
0.474747
0.20202
0.232323
0.0909091
0.363636
0.353535
0.181818
0.10101
0.232323
0.262626
0.535354
1.13131
0.414141
0.131313
0.656566
1.07071

0.10101
0.121212
0.151515
0.10101
0.10101
0.10101
0
0
0.10101
0.10101
0.030303
0
0.0606061
0.030303
0
0
0.474747
0.20202
0.232323
0.0909091
0.363636
0.353535
0.181818
0.10101
0.232323
0.262626
0.535354
1.13131
0.414141
0.131313
0.656566
1.07071

0.112903
0.137097
0.145161
0.120968
0.0806452
0.0483871
0.0403226
0
0.0806452
0.0806452
0.0403226
0
0.0645161
0.0322581
0.016129
0
0.516129
0.169355
0.201613
0.112903
0.33871
0.298387
0.241935
0.120968
0.201613
0.306452
0.58871
1.21774
0.379032
0.112903
0.685484
1.07258

0.112903
0.137097
0.145161
0.120968
0.0806452
0.0483871
0.0403226
0
0.0806452
0.0806452
0.0403226
0
0.0645161
0.0322581
0.016129
0
0.516129
0.169355
0.201613
0.112903
0.33871
0.298387
0.241935
0.120968
0.201613
0.306452
0.58871
1.21774
0.379032
0.112903
0.685484
1.07258

0.0729167
0.104167
0.104167
0.0677083
0.0572917
0.0260417
0.0364583
0.0625
0.0625
0.00520833
0.0677083
0.0625
0.0625
0.0208333
0.104167
0.0833333
0.348958
0.182292
0.197917
0.270833
0.255208
0.15625
0.3125
0.276042
0.25
0.171875
0.5
1.19792
0.411458
0.171875
0.578125
0.90625

0.0342857
0.114286
0.108571
0.04
0.0857143
0.0114286
0
0.0914286
0.08
0
0.0514286
0.08
0.0571429
0.0285714
0.125714
0.0914286
0.297143
0.188571
0.211429
0.302857
0.257143
0.154286
0.285714
0.302857
0.188571
0.0971429
0.468571
1.05714
0.445714
0.2
0.497143
0.891429

0.0414747
0.0921659
0.110599
0.078341
0.0691244
0.046083
0.046083
0.0599078
0.0737327
0.00921659
0.0737327
0.0829493
0.0691244
0.0184332
0.0737327
0.0552995
0.322581
0.221198
0.239631
0.21659
0.253456
0.165899
0.304147
0.276498
0.21659
0.202765
0.474654
1.17051
0.460829
0.165899
0.585253
0.889401

0.0833333
0.0892857
0.0714286
0.0297619
0.0595238
0.0297619
0.047619
0.0892857
0.0892857
0.00595238
0.0595238
0.0535714
0.0416667
0.0238095
0.125
0.10119
0.27381
0.22619
0.208333
0.291667
0.27381
0.14881
0.303571
0.27381
0.27381
0.125
0.446429
1.11905
0.428571
0.184524
0.559524
0.880952

0.0238095
0.0714286
0.113095
0.0952381
0.0892857
0.0595238
0.0297619
0.047619
0.0595238
0.00595238
0.113095
0.0952381
0.0833333
0.0238095
0.0654762
0.0238095
0.303571
0.22619
0.27381
0.196429
0.255952
0.160714
0.321429
0.261905
0.220238
0.214286
0.488095
1.18452
0.470238
0.14881
0.607143
0.89881

0.0893855
0.111732
0.0726257
0.027933
0.0726257
0.0223464
0.0726257
0.0782123
0.0893855
0.0223464
0.0837989
0.0782123
0.0111732
0.00558659
0.0670391
0.0949721
0.301676
0.24581
0.273743
0.178771
0.26257
0.162011
0.296089
0.27933
0.290503
0.134078
0.469274
1.17318
0.407821
0.201117
0.575419
0.905028

0.0342857
0.114286
0.108571
0.04
0.0857143
0.0114286
0
0.0914286
0.08
0
0.0514286
0.08
0.0571429
0.0285714
0.125714
0.0914286
0.297143
0.188571
0.211429
0.302857
0.257143
0.154286
0.285714
0.302857
0.188571
0.0971429
0.468571
1.05714
0.445714
0.2
0.497143
0.891429

0.0342857
0.114286
0.108571
0.04
0.0857143
0.0114286
0
0.0914286
0.08
0
0.0514286
0.08
0.0571429
0.0285714
0.125714
0.0914286
0.297143
0.188571
0.211429
0.302857
0.257143
0.154286
0.285714
0.302857
0.188571
0.0971429
0.468571
1.05714
0.445714
0.2
0.497143
0.891429

0.0342857
0.114286
0.108571
0.04
0.0857143
0.0114286
0
0.0914286
0.08
0
0.0514286
0.08
0.0571429
0.0285714
0.125714
0.0914286
0.297143
0.188571
0.211429
0.302857
0.257143
0.154286
0.285714
0.302857
0.188571
0.0971429
0.468571
1.05714
0.445714
0.2
0.497143
0.891429

0.0342857
0.114286
0.108571
0.04
0.0857143
0.0114286
0
0.0914286
0.08
0
0.0514286
0.08
0.0571429
0.0285714
0.125714
0.0914286
0.297143
0.188571
0.211429
0.302857
0.257143
0.154286
0.285714
0.302857
0.188571
0.0971429
0.468571
1.05714
0.445714
0.2
0.497143
0.891429

0.0840708
0.0663717
0.0663717
0.0840708
0.039823
0.0619469
0.0619469
0.039823
0.039823
0.0619469
0.0619469
0.039823
0.0840708
0.0663717
0.0663717
0.0752212
0.300885
0.20354
0.20354
0.292035
0.247788
0.256637
0.256637
0.238938
0.283186
0.292035
0.469027
1.28319
0.393805
0.243363
0.676991
0.818584

0.102564
0.128205
0.128205
0.102564
0
0.0641026
0
0
0
0.0641026
0
0
0.102564
0.115385
0.102564
0.0897436
0.461538
0.0641026
0.0641026
0.410256
0.205128
0.371795
0.230769
0.192308
0.25641
0.269231
0.576923
1.29487
0.294872
0.269231
0.564103
0.833333

0.028436
0.0473934
0.0663507
0.0758294
0.0805687
0.0853081
0.0710901
0.0379147
0.00473934
0.0473934
0.0710901
0.056872
0.0995261
0.0947867
0.0758294
0.056872
0.218009
0.274882
0.180095
0.327014
0.21327
0.274882
0.28436
0.227488
0.241706
0.293839
0.421801
1.18483
0.478673
0.255924
0.635071
0.687204

0.0925926
0.0694444
0.0555556
0.0555556
0.0185185
0.0694444
0.0740741
0.0648148
0.0509259
0.0509259
0.0324074
0
0.0648148
0.0925926
0.101852
0.106481
0.273148
0.226852
0.134259
0.365741
0.226852
0.282407
0.263889
0.226852
0.300926
0.24537
0.462963
1.23611
0.412037
0.25
0.611111
0.736111

0.00558659
0.0391061
0.0782123
0.111732
0.117318
0.0949721
0.0614525
0.0111732
0.00558659
0.0614525
0.100559
0.111732
0.0949721
0.0670391
0.0335196
0.00558659
0.234637
0.284916
0.27933
0.201117
0.223464
0.26257
0.273743
0.240223
0.206704
0.329609
0.413408
1.18994
0.469274
0.24581
0.659218
0.77095

0.101449
0.0676328
0.0386473
0.00966184
0.0144928
0.0628019
0.0966184
0.10628
0.101449
0.0869565
0.057971
0.00966184
0.0144928
0.0434783
0.0821256
0.10628
0.217391
0.280193
0.256039
0.246377
0.231884
0.26087
0.275362
0.231884
0.328502
0.207729
0.425121
1.19324
0.439614
0.246377
0.603865
0.78744

0.0923077
0.115385
0.115385
0.0923077
0
0.0769231
0
0
0
0.0769231
0
0
0.0923077
0.130769
0.115385
0.0923077
0.415385
0.0769231
0.0769231
0.430769
0.184615
0.4
0.230769
0.184615
0.261538
0.261538
0.546154
1.25385
0.284615
0.3
0.538462
0.792308

0.104575
0.130719
0.130719
0.104575
0
0.0653595
0
0
0
0.0653595
0
0
0.104575
0.117647
0.0980392
0.0784314
0.470588
0.0653595
0.0653595
0.398693
0.20915
0.379085
0.228758
0.183007
0.248366
0.27451
0.588235
1.29412
0.300654
0.261438
0.562092
0.843137

0.104575
0.130719
0.130719
0.104575
0
0.0653595
0
0
0
0.0653595
0
0
0.104575
0.117647
0.0980392
0.0784314
0.470588
0.0653595
0.0653595
0.398693
0.20915
0.379085
0.228758
0.183007
0.248366
0.27451
0.588235
1.29412
0.300654
0.261438
0.562092
0.843137

0.102564
0.128205
0.128205
0.102564
0
0.0641026
0
0
0
0.0641026
0
0
0.102564
0.115385
0.102564
0.0897436
0.461538
0.0641026
0.0641026
0.410256
0.205128
0.371795
0.230769
0.192308
0.25641
0.269231
0.576923
1.29487
0.294872
0.269231
0.564103
0.833333

0.0881057
0.0881057
0.0881057
0.0881057
0.0528634
0.101322
0.105727
0.0396476
0.0792952
0.0220264
0.0484582
0.0792952
0.0572687
0
0
0.061674
0.352423
0.299559
0.229075
0.118943
0.277533
0.211454
0.242291
0.268722
0.299559
0.273128
0.440529
1.28194
0.484582
0.162996
0.660793
0.859031

0.0969697
0.121212
0.0969697
0.10303
0.00606061
0.115152
0.115152
0.0181818
0.0969697
0.0181818
0.0121212
0.0969697
0.0484848
0
0
0.0545455
0.418182
0.254545
0.224242
0.10303
0.248485
0.254545
0.224242
0.272727
0.278788
0.284848
0.448485
1.28485
0.418182
0.169697
0.6
0.890909

0.052356
0.078534
0.0994764
0.104712
0.0628272
0.120419
0.13089
0.0471204
0.0575916
0.0314136
0.0366492
0.0942408
0.0575916
0
0
0.026178
0.335079
0.361257
0.219895
0.0837696
0.230366
0.230366
0.267016
0.272251
0.235602
0.324607
0.418848
1.25131
0.565445
0.151832
0.617801
0.78534

0.10989
0.0824176
0.0659341
0.0659341
0.0494506
0.115385
0.131868
0.0659341
0.0934066
0.021978
0.0494506
0.0659341
0.0164835
0
0
0.0659341
0.324176
0.362637
0.230769
0.0824176
0.269231
0.21978
0.247253
0.263736
0.340659
0.236264
0.43956
1.28022
0.510989
0.153846
0.620879
0.824176

0.0443038
0.0632911
0.0886076
0.120253
0.113924
0.126582
0.14557
0.0443038
0.0949367
0.0189873
0.0126582
0.0949367
0.0316456
0
0
0
0.316456
0.43038
0.221519
0.0316456
0.28481
0.208861
0.246835
0.259494
0.183544
0.316456
0.373418
1.13291
0.594937
0.113924
0.613924
0.822785

0.0958084
0.0598802
0.0479042
0.011976
0.0598802
0.131737
0.143713
0.125749
0.113772
0.011976
0.0598802
0.0598802
0
0
0
0.0778443
0.215569
0.461078
0.245509
0.0778443
0.269461
0.203593
0.251497
0.275449
0.365269
0.167665
0.401198
1.20958
0.634731
0.149701
0.57485
0.730539

0.104651
0.116279
0.116279
0.110465
0.00581395
0.110465
0.110465
0.00581395
0.0988372
0.0174419
0.0116279
0.0930233
0.0465116
0
0
0.0523256
0.447674
0.232558
0.22093
0.0988372
0.255814
0.244186
0.238372
0.261628
0.27907
0.284884
0.465116
1.2907
0.401163
0.162791
0.604651
0.924419

0.0969697
0.121212
0.0969697
0.10303
0.00606061
0.115152
0.115152
0.0181818
0.0969697
0.0181818
0.0121212
0.0969697
0.0484848
0
0
0.0545455
0.418182
0.254545
0.224242
0.10303
0.248485
0.254545
0.224242
0.272727
0.278788
0.284848
0.448485
1.28485
0.418182
0.169697
0.6
0.890909

0.0969697
0.121212
0.0969697
0.10303
0.00606061
0.115152
0.115152
0.0181818
0.0969697
0.0181818
0.0121212
0.0969697
0.0484848
0
0
0.0545455
0.418182
0.254545
0.224242
0.10303
0.248485
0.254545
0.224242
0.272727
0.278788
0.284848
0.448485
1.28485
0.418182
0.169697
0.6
0.890909

0.0969697
0.121212
0.0969697
0.10303
0.00606061
0.115152
0.115152
0.0181818
0.0969697
0.0181818
0.0121212
0.0969697
0.0484848
0
0
0.0545455
0.418182
0.254545
0.224242
0.10303
0.248485
0.254545
0.224242
0.272727
0.278788
0.284848
0.448485
1.28485
0.418182
0.169697
0.6
0.890909

0.152866
0.127389
0.127389
0.127389
0.0573248
0.0636943
0.0636943
0.121019
0
0
0
0.0955414
0
0
0
0.0636943
0.535032
0.305732
0.0955414
0.0636943
0.210191
0.191083
0.191083
0.407643
0.280255
0.191083
0.656051
1.53503
0.55414
0.159236
0.464968
0.840764

0.16129
0.16129
0.16129
0.16129
0
0
0
0.129032
0
0
0
0.129032
0
0
0
0.0967742
0.645161
0.129032
0.129032
0.0967742
0.16129
0.16129
0.16129
0.516129
0.258065
0.16129
0.774194
1.70968
0.419355
0.225806
0.419355
0.935484

0.0671141
0.100671
0.127517
0.134228
0.114094
0.100671
0.0738255
0.127517
0
0
0
0.100671
0
0
0
0.0536913
0.42953
0.416107
0.100671
0.0536913
0.181208
0.201342
0.201342
0.416107
0.221476
0.208054
0.557047
1.40268
0.671141
0.154362
0.442953
0.711409

0.167832
0.13986
0.118881
0.0979021
0.027972
0.0629371
0.0839161
0.132867
0
0
0
0.0909091
0
0
0
0.0769231
0.524476
0.307692
0.0909091
0.0769231
0.195804
0.202797
0.202797
0.398601
0.307692
0.181818
0.657343
1.54545
0.559441
0.167832
0.454545
0.811189

0.00680272
0.047619
0.0952381
0.136054
0.170068
0.14966
0.108844
0.129252
0
0
0
0.102041
0
0
0
0.0544218
0.285714
0.557823
0.102041
0.0544218
0.176871
0.197279
0.204082
0.421769
0.210884
0.244898
0.414966
1.29252
0.782313
0.156463
0.47619
0.564626

0.164062
0.117188
0.101562
0.046875
0.0234375
0.0703125
0.117188
0.164062
0
0
0
0.117188
0
0
0
0.078125
0.429688
0.375
0.117188
0.078125
0.1875
0.1875
0.21875
0.40625
0.3125
0.164062
0.59375
1.47656
0.640625
0.195312
0.429688
0.734375

0.16129
0.16129
0.16129
0.16129
0
0
0
0.129032
0
0
0
0.129032
0
0
0
0.0967742
0.645161
0.129032
0.129032
0.0967742
0.16129
0.16129
0.16129
0.516129
0.258065
0.16129
0.774194
1.70968
0.419355
0.225806
0.419355
0.935484

0.16129
0.16129
0.16129
0.16129
0
0
0
0.129032
0
0
0
0.129032
0
0
0
0.0967742
0.645161
0.129032
0.129032
0.0967742
0.16129
0.16129
0.16129
0.516129
0.258065
0.16129
0.774194
1.70968
0.419355
0.225806
0.419355
0.935484

0.16129
0.16129
0.16129
0.16129
0
0
0
0.129032
0
0
0
0.129032
0
0
0
0.0967742
0.645161
0.129032
0.129032
0.0967742
0.16129
0.16129
0.16129
0.516129
0.258065
0.16129
0.774194
1.70968
0.419355
0.225806
0.419355
0.935484

0.16129
0.16129
0.16129
0.16129
0
0
0
0.129032
0
0
0
0.129032
0
0
0
0.0967742
0.645161
0.129032
0.129032
0.0967742
0.16129
0.16129
0.16129
0.516129
0.258065
0.16129
0.774194
1.70968
0.419355
0.225806
0.419355
0.935484

0.0714286
0.0714286
0.0714286
0.075
0.0428571
0.0892857
0.0535714
0.0178571
0.0464286
0.0892857
0.0607143
0.0321429
0.0678571
0.0714286
0.0714286
0.0678571
0.289286
0.203571
0.228571
0.278571
0.228571
0.321429
0.257143
0.192857
0.289286
0.285714
0.439286
1.20714
0.360714
0.260714
0.642857
0.817857

0.0401606
0.060241
0.0763052
0.0803213
0.064257
0.100402
0.0803213
0.0200803
0.0321285
0.100402
0.0803213
0.060241
0.0682731
0.060241
0.0441767
0.0321285
0.257028
0.26506
0.273092
0.204819
0.204819
0.321285
0.281124
0.192771
0.253012
0.329317
0.417671
1.19277
0.429719
0.253012
0.646586
0.779116

0.0859375
0.0664062
0.0664062
0.0546875
0.0273438
0.0976562
0.0742188
0.0429688
0.0703125
0.0976562
0.0664062
0.015625
0.0351562
0.0585938
0.0664062
0.0742188
0.273438
0.242188
0.25
0.234375
0.21875
0.320312
0.273438
0.1875
0.324219
0.261719
0.441406
1.21484
0.386719
0.246094
0.621094
0.808594

0.0217391
0.0434783
0.0608696
0.0869565
0.0913043
0.108696
0.0826087
0.0173913
0.026087
0.108696
0.0869565
0.0826087
0.073913
0.0521739
0.0434783
0.0130435
0.213043
0.3
0.304348
0.182609
0.213043
0.313043
0.273913
0.2
0.230435
0.352174
0.369565
1.15217
0.452174
0.256522
0.665217
0.773913

0.08
0.0488889
0.0355556
0.0222222
0.0311111
0.111111
0.0977778
0.0888889
0.0933333
0.111111
0.0755556
0.0177778
0.0133333
0.04
0.0533333
0.08
0.186667
0.328889
0.297778
0.186667
0.217778
0.311111
0.262222
0.208889
0.346667
0.244444
0.391111
1.19111
0.466667
0.248889
0.617778
0.755556

0.0736196
0.0920245
0.0920245
0.0797546
0.0613497
0.0797546
0
0
0.0613497
0.0797546
0
0
0.0981595
0.116564
0.0920245
0.0736196
0.337423
0.141104
0.141104
0.380368
0.294479
0.368098
0.184049
0.153374
0.226994
0.257669
0.453988
1.09202
0.331288
0.269939
0.625767
0.865031

0.0736196
0.0920245
0.0920245
0.0797546
0.0613497
0.0797546
0
0
0.0613497
0.0797546
0
0
0.0981595
0.116564
0.0920245
0.0736196
0.337423
0.141104
0.141104
0.380368
0.294479
0.368098
0.184049
0.153374
0.226994
0.257669
0.453988
1.09202
0.331288
0.269939
0.625767
0.865031

0.103093
0.103093
0.103093
0.0824742
0.0515464
0.056701
0
0
0.0515464
0.056701
0
0
0.0979381
0.103093
0.103093
0.0876289
0.391753
0.108247
0.108247
0.391753
0.304124
0.319588
0.206186
0.170103
0.247423
0.237113
0.494845
1.14948
0.309278
0.247423
0.628866
0.907216

0.0966184
0.0966184
0.0966184
0.0966184
0.0483092
0.0676328
0
0
0.0483092
0.0628019
0
0
0.0966184
0.0966184
0.0966184
0.0966184
0.386473
0.115942
0.111111
0.386473
0.289855
0.323671
0.193237
0.193237
0.26087
0.256039
0.483092
1.19324
0.309179
0.256039
0.642512
0.884058

0.10582
0.10582
0.10582
0.0846561
0.0529101
0.0582011
0
0
0.0529101
0.0582011
0
0
0.0952381
0.0846561
0.100529
0.0952381
0.402116
0.111111
0.111111
0.375661
0.306878
0.306878
0.206349
0.179894
0.259259
0.238095
0.486772
1.16402
0.312169
0.238095
0.640212
0.920635

0.08
0.0727273
0.0727273
0.0872727
0.04
0.0909091
0.0509091
0.0145455
0.0181818
0.0509091
0.0872727
0.0436364
0.0727273
0.0727273
0.0727273
0.0727273
0.312727
0.196364
0.2
0.290909
0.210909
0.287273
0.283636
0.218182
0.330909
0.261818
0.487273
1.29818
0.356364
0.24
0.632727
0.796364

0.0398406
0.059761
0.0756972
0.0796813
0.0756972
0.0996016
0.0557769
0.0119522
0.00398406
0.059761
0.0996016
0.0717131
0.0796813
0.0796813
0.059761
0.0478088
0.25498
0.243028
0.23506
0.266932
0.199203
0.298805
0.290837
0.211155
0.286853
0.2749
0.446215
1.21912
0.410359
0.258964
0.621514
0.749004

0.0874525
0.0760456
0.0646388
0.0532319
0.0342205
0.0912548
0.0608365
0.0380228
0.0380228
0.0646388
0.0836502
0.0342205
0.0532319
0.0722433
0.0684411
0.0798479
0.281369
0.224335
0.220532
0.273764
0.212928
0.304183
0.277567
0.205323
0.342205
0.231939
0.475285
1.25475
0.380228
0.250951
0.608365
0.78327

0.030837
0.0440529
0.061674
0.0837004
0.101322
0.110132
0.061674
0.00440529
0.0220264
0.0792952
0.110132
0.101322
0.0792952
0.0528634
0.0440529
0.0132159
0.220264
0.277533
0.312775
0.189427
0.23348
0.286344
0.277533
0.202643
0.264317
0.303965
0.387665
1.15859
0.422907
0.246696
0.660793
0.810573

0.0888889
0.0622222
0.0444444
0.0266667
0.0311111
0.102222
0.0711111
0.0755556
0.0888889
0.08
0.102222
0.0355556
0.0177778
0.04
0.0533333
0.08
0.222222
0.28
0.306667
0.191111
0.226667
0.284444
0.271111
0.217778
0.373333
0.195556
0.44
1.22667
0.417778
0.235556
0.604444
0.808889

0.0502283
0.0456621
0.0502283
0.0547945
0.0547945
0.109589
0.0730594
0.0365297
0.0365297
0.0776256
0.109589
0.0547945
0.0547945
0.0684932
0.0684932
0.0547945
0.200913
0.273973
0.278539
0.246575
0.196347
0.30137
0.30137
0.200913
0.324201
0.260274
0.415525
1.20091
0.415525
0.255708
0.621005
0.744292

0.0913462
0.0961538
0.0961538
0.0913462
0.0384615
0.0913462
0.00961538
0
0
0.00961538
0.0865385
0.0432692
0.0576923
0.0961538
0.0961538
0.0961538
0.375
0.139423
0.139423
0.346154
0.1875
0.293269
0.288462
0.230769
0.365385
0.168269
0.557692
1.32212
0.293269
0.245192
0.538462
0.798077

0.0994475
0.0939227
0.0828729
0.0939227
0.0441989
0.0773481
0.00552486
0
0
0.0110497
0.0883978
0.038674
0.0773481
0.0828729
0.0994475
0.104972
0.370166
0.127072
0.138122
0.364641
0.220994
0.265193
0.276243
0.237569
0.370166
0.187845
0.541436
1.33702
0.287293
0.237569
0.60221
0.828729

0.0893855
0.100559
0.0837989
0.0782123
0.0391061
0.100559
0.0111732
0
0
0.0111732
0.0893855
0.0446927
0.0782123
0.0837989
0.100559
0.0893855
0.351955
0.150838
0.145251
0.351955
0.206704
0.296089
0.284916
0.21229
0.368715
0.178771
0.52514
1.28492
0.312849
0.22905
0.564246
0.804469

0.0787879
0.0909091
0.0909091
0.0727273
0.0484848
0.10303
0.00606061
0
0
0.00606061
0.10303
0.0424242
0.0909091
0.0909091
0.0909091
0.0848485
0.333333
0.157576
0.151515
0.357576
0.218182
0.290909
0.290909
0.2
0.369697
0.175758
0.527273
1.27273
0.339394
0.224242
0.581818
0.793939

0.104396
0.10989
0.10989
0.104396
0.0769231
0.0604396
0.0714286
0.0494506
0.0714286
0.0604396
0.0164835
0
0.0714286
0.0934066
0
0
0.428571
0.258242
0.148352
0.164835
0.324176
0.324176
0.197802
0.153846
0.181319
0.307692
0.587912
1.23077
0.489011
0.153846
0.648352
0.901099

0.0784314
0.0980392
0.124183
0.130719
0.0980392
0.0849673
0.0326797
0
0.0915033
0.104575
0.00653595
0
0.0718954
0.0784314
0
0
0.431373
0.215686
0.202614
0.150327
0.339869
0.366013
0.163399
0.130719
0.169935
0.339869
0.51634
1.15686
0.411765
0.183007
0.686275
0.973856

0.120253
0.0949367
0.0759494
0.056962
0.0696203
0.0759494
0.0949367
0.0886076
0.0822785
0.0506329
0.0189873
0
0.0632911
0.107595
0
0
0.348101
0.329114
0.151899
0.170886
0.335443
0.329114
0.189873
0.14557
0.21519
0.265823
0.563291
1.18987
0.556962
0.158228
0.620253
0.835443

0.034965
0.0699301
0.0979021
0.132867
0.125874
0.104895
0.0629371
0.020979
0.0909091
0.0839161
0.013986
0
0.0839161
0.0769231
0
0
0.335664
0.314685
0.188811
0.160839
0.335664
0.335664
0.174825
0.153846
0.153846
0.363636
0.447552
1.11888
0.517483
0.160839
0.713287
0.86014

0.133758
0.089172
0.0509554
0.0127389
0.0700637
0.0636943
0.121019
0.140127
0.0764331
0.0509554
0.0254777
0
0.0573248
0.10828
0
0
0.286624
0.394904
0.152866
0.165605
0.33758
0.312102
0.197452
0.152866
0.22293
0.242038
0.56051
1.17834
0.643312
0.159236
0.605096
0.77707

0.0833333
0.104167
0.131944
0.111111
0.0833333
0.0625
0.0625
0.0277778
0.0902778
0.0555556
0.0347222
0
0.0625
0.0902778
0
0
0.430556
0.236111
0.180556
0.152778
0.319444
0.3125
0.229167
0.138889
0.180556
0.291667
0.583333
1.19444
0.458333
0.145833
0.645833
0.930556

0.097561
0.121951
0.121951
0.130081
0.0813008
0.0406504
0.0487805
0
0.0813008
0.0569106
0.0406504
0
0.0569106
0.121951
0
0
0.471545
0.170732
0.178862
0.178862
0.317073
0.341463
0.211382
0.130081
0.178862
0.292683
0.634146
1.23577
0.349593
0.178862
0.650406
0.96748

0.096
0.12
0.12
0.112
0.088
0.04
0.04
0.016
0.08
0.048
0.04
0
0.08
0.12
0
0
0.448
0.184
0.168
0.2
0.344
0.328
0.2
0.128
0.176
0.28
0.624
1.208
0.4
0.168
0.664
0.96

0.0983607
0.122951
0.122951
0.131148
0.0819672
0.0409836
0.0409836
0
0.0819672
0.057377
0.0409836
0
0.057377
0.122951
0
0
0.47541
0.163934
0.180328
0.180328
0.319672
0.344262
0.204918
0.131148
0.180328
0.286885
0.639344
1.2377
0.344262
0.180328
0.647541
0.97541

0.0983607
0.122951
0.122951
0.131148
0.0819672
0.0409836
0.0409836
0
0.0819672
0.057377
0.0409836
0
0.057377
0.122951
0
0
0.47541
0.163934
0.180328
0.180328
0.319672
0.344262
0.204918
0.131148
0.180328
0.286885
0.639344
1.2377
0.344262
0.180328
0.647541
0.97541

0.0828729
0.0883978
0.0497238
0.0773481
0.0552486
0.0828729
0.0110497
0.0662983
0.0718232
0.0331492
0.0773481
0.0662983
0.0607735
0.0220994
0.0883978
0.0662983
0.298343
0.21547
0.248619
0.237569
0.270718
0.226519
0.226519
0.276243
0.309392
0.18232
0.464088
1.23204
0.392265
0.187845
0.596685
0.906077

0.0517241
0.0689655
0.0517241
0.0862069
0.0747126
0.0977011
0.0114943
0.0632184
0.0747126
0.0402299
0.091954
0.0689655
0.0804598
0.0229885
0.0689655
0.045977
0.258621
0.247126
0.275862
0.218391
0.281609
0.229885
0.224138
0.264368
0.287356
0.218391
0.436782
1.2069
0.442529
0.178161
0.637931
0.885057

0.100629
0.0754717
0.0314465
0.0440252
0.0566038
0.100629
0.0251572
0.0943396
0.0943396
0.0377358
0.0691824
0.0691824
0.0251572
0.0188679
0.081761
0.0754717
0.251572
0.27673
0.27044
0.201258
0.27673
0.232704
0.207547
0.283019
0.345912
0.132075
0.433962
1.19497
0.427673
0.201258
0.553459
0.880503

0.025974
0.038961
0.0454545
0.0974026
0.0909091
0.12987
0.012987
0.0649351
0.0649351
0.038961
0.11039
0.0909091
0.0909091
0.025974
0.0519481
0.0194805
0.207792
0.298701
0.305195
0.188312
0.272727
0.233766
0.220779
0.272727
0.285714
0.24026
0.409091
1.20779
0.5
0.175325
0.642857
0.837662

0.107383
0.0805369
0.0201342
0.0268456
0.0604027
0.0872483
0.0402685
0.0939597
0.0872483
0.0402685
0.0738255
0.0671141
0.0201342
0.00671141
0.0939597
0.0939597
0.234899
0.281879
0.268456
0.214765
0.275168
0.214765
0.228188
0.281879
0.362416
0.127517
0.409396
1.18121
0.416107
0.208054
0.57047
0.872483

0.0714286
0.0769231
0.043956
0.0714286
0.0714286
0.0769231
0.00549451
0.0714286
0.0824176
0.043956
0.0384615
0.0714286
0.0714286
0.0274725
0.115385
0.0604396
0.263736
0.225275
0.236264
0.274725
0.296703
0.225275
0.203297
0.274725
0.247253
0.192308
0.401099
1.11538
0.412088
0.203297
0.587912
0.912088

0.0714286
0.0769231
0.043956
0.0714286
0.0714286
0.0769231
0.00549451
0.0714286
0.0824176
0.043956
0.0384615
0.0714286
0.0714286
0.0274725
0.115385
0.0604396
0.263736
0.225275
0.236264
0.274725
0.296703
0.225275
0.203297
0.274725
0.247253
0.192308
0.401099
1.11538
0.412088
0.203297
0.587912
0.912088

0.0714286
0.0769231
0.043956
0.0714286
0.0714286
0.0769231
0.00549451
0.0714286
0.0824176
0.043956
0.0384615
0.0714286
0.0714286
0.0274725
0.115385
0.0604396
0.263736
0.225275
0.236264
0.274725
0.296703
0.225275
0.203297
0.274725
0.247253
0.192308
0.401099
1.11538
0.412088
0.203297
0.587912
0.912088

0.0714286
0.0769231
0.043956
0.0714286
0.0714286
0.0769231
0.00549451
0.0714286
0.0824176
0.043956
0.0384615
0.0714286
0.0714286
0.0274725
0.115385
0.0604396
0.263736
0.225275
0.236264
0.274725
0.296703
0.225275
0.203297
0.274725
0.247253
0.192308
0.401099
1.11538
0.412088
0.203297
0.587912
0.912088

0.0714286
0.0769231
0.043956
0.0714286
0.0714286
0.0769231
0.00549451
0.0714286
0.0824176
0.043956
0.0384615
0.0714286
0.0714286
0.0274725
0.115385
0.0604396
0.263736
0.225275
0.236264
0.274725
0.296703
0.225275
0.203297
0.274725
0.247253
0.192308
0.401099
1.11538
0.412088
0.203297
0.587912
0.912088

0.0760234
0
0
0
0.134503
0.116959
0.116959
0.111111
0.122807
0.0877193
0.0877193
0.0877193
0.0584795
0
0
0
0.0760234
0.479532
0.385965
0.0584795
0.391813
0.204678
0.204678
0.19883
0.280702
0.263158
0.274854
1.01754
0.649123
0.175439
0.74269
0.853801

0.0769231
0
0.0236686
0.0295858
0.142012
0.147929
0.147929
0.147929
0.112426
0.0591716
0.035503
0.0177515
0.0591716
0
0
0
0.130178
0.585799
0.224852
0.0591716
0.390533
0.207101
0.207101
0.195266
0.260355
0.295858
0.313609
1.06509
0.816568
0.0769231
0.721894
0.745562

0.0764706
0
0
0
0.135294
0.0882353
0.0705882
0.0529412
0.123529
0.117647
0.129412
0.147059
0.0588235
0
0
0
0.0764706
0.347059
0.517647
0.0588235
0.394118
0.205882
0.2
0.2
0.294118
0.247059
0.258824
1
0.458824
0.264706
0.770588
0.988235

0.0710059
0.0177515
0.0532544
0.0946746
0.142012
0.147929
0.147929
0.100592
0.112426
0.0414201
0.00591716
0
0.0650888
0
0
0
0.236686
0.538462
0.159763
0.0650888
0.390533
0.207101
0.207101
0.195266
0.224852
0.349112
0.343195
1.11243
0.757396
0.0414201
0.745562
0.786982

0.0805369
0
0
0
0.14094
0.0604027
0.0201342
0
0.14094
0.127517
0.167785
0.14094
0.0536913
0
0.0134228
0.0536913
0.0805369
0.221477
0.577181
0.120805
0.416107
0.187919
0.201342
0.194631
0.362416
0.201342
0.248322
1.00671
0.275168
0.322148
0.838926
1.08725

0.107143
0
0
0
0.160714
0.0892857
0.116071
0.125
0.160714
0.0446429
0.0446429
0.0446429
0.107143
0
0
0
0.107143
0.491071
0.294643
0.107143
0.535714
0.133929
0.160714
0.169643
0.241071
0.267857
0.276786
0.955357
0.723214
0.0892857
0.848214
0.9375

0.0747664
0
0
0
0.130841
0.0934579
0.130841
0.11215
0.130841
0.0934579
0.0934579
0.0654206
0.0747664
0
0
0
0.0747664
0.46729
0.383178
0.0747664
0.411215
0.186916
0.224299
0.17757
0.261682
0.299065
0.280374
1.01869
0.654206
0.158879
0.803738
0.869159

0.0792079
0
0
0
0.148515
0.0990099
0.0990099
0.0792079
0.138614
0.0990099
0.0990099
0.0792079
0.0792079
0
0
0
0.0792079
0.425743
0.415842
0.0792079
0.445545
0.19802
0.19802
0.158416
0.277228
0.277228
0.257426
0.970297
0.584158
0.178218
0.821782
0.940594

0.0851064
0
0
0
0.148936
0.159574
0.0957447
0.148936
0.138298
0.0531915
0.0531915
0.0531915
0.0638298
0
0
0
0.0851064
0.553191
0.297872
0.0638298
0.43617
0.212766
0.148936
0.202128
0.297872
0.212766
0.287234
1
0.765957
0.106383
0.702128
0.819149

0.0747664
0
0
0
0.130841
0.0934579
0.130841
0.11215
0.130841
0.0934579
0.0934579
0.0654206
0.0747664
0
0
0
0.0747664
0.46729
0.383178
0.0747664
0.411215
0.186916
0.224299
0.17757
0.261682
0.299065
0.280374
1.01869
0.654206
0.158879
0.803738
0.869159

0.0943396
0.117925
0.117925
0.0707547
0.0188679
0.0188679
0
0.0424528
0.0377358
0.0471698
0.0471698
0.0613208
0.0801887
0.0943396
0.0943396
0.0566038
0.400943
0.0801887
0.193396
0.325472
0.231132
0.278302
0.259434
0.231132
0.216981
0.198113
0.584906
1.23113
0.320755
0.259434
0.533019
0.919811

0.0760234
0.116959
0.140351
0.0935673
0.0409357
0.0292398
0
0.0409357
0.0292398
0.0292398
0.0526316
0.0818713
0.0877193
0.0877193
0.0643275
0.0292398
0.426901
0.111111
0.192982
0.269006
0.233918
0.263158
0.25731
0.245614
0.187135
0.210526
0.608187
1.25146
0.380117
0.22807
0.526316
0.918129

0.123656
0.107527
0.0913979
0.0376344
0
0.0268817
0.0376344
0.0806452
0.0483871
0.0268817
0.0107527
0.0591398
0.0752688
0.107527
0.0967742
0.0698925
0.360215
0.145161
0.145161
0.349462
0.247312
0.268817
0.236559
0.247312
0.231183
0.177419
0.55914
1.21505
0.392473
0.263441
0.505376
0.849462

0.045977
0.0689655
0.109195
0.103448
0.0632184
0.0574713
0.0344828
0.0689655
0.0287356
0.0402299
0.0574713
0.0862069
0.0862069
0.0747126
0.0574713
0.0172414
0.327586
0.224138
0.212644
0.235632
0.224138
0.241379
0.258621
0.275862
0.178161
0.264368
0.528736
1.24713
0.488506
0.218391
0.563218
0.821839

0.115607
0.0809249
0.0578035
0.0115607
0.017341
0.0520231
0.0693642
0.0867052
0.0924855
0.0520231
0.017341
0.0635838
0.0404624
0.0635838
0.0982659
0.0809249
0.265896
0.225434
0.225434
0.283237
0.265896
0.248555
0.242775
0.242775
0.265896
0.17341
0.433526
1.11561
0.410405
0.260116
0.537572
0.855491

0.10596
0.13245
0.13245
0.0463576
0
0
0
0.0794702
0
0
0
0.0728477
0.10596
0.13245
0.13245
0.0596026
0.417219
0.0794702
0.0728477
0.430464
0.211921
0.264901
0.264901
0.258278
0.165563
0.152318
0.629139
1.2053
0.397351
0.264901
0.423841
0.834437

0.120482
0.120482
0.120482
0.0542169
0
0
0
0.0843373
0
0
0
0.0843373
0.120482
0.120482
0.120482
0.0542169
0.415663
0.0843373
0.0843373
0.415663
0.240964
0.240964
0.240964
0.277108
0.174699
0.174699
0.620482
1.24699
0.409639
0.259036
0.46988
0.861446

0.115607
0.115607
0.115607
0.0520231
0
0
0
0.0809249
0.0289017
0
0.0115607
0.0809249
0.115607
0.115607
0.115607
0.0520231
0.398844
0.0809249
0.121387
0.398844
0.260116
0.231214
0.242775
0.265896
0.179191
0.16763
0.606936
1.21965
0.393064
0.248555
0.491329
0.895954

0.107383
0.127517
0.120805
0.0604027
0
0
0
0.0872483
0
0
0
0.0738255
0.0872483
0.134228
0.127517
0.0738255
0.416107
0.0872483
0.0738255
0.422819
0.194631
0.261745
0.248322
0.295302
0.181208
0.147651
0.637584
1.26174
0.38255
0.281879
0.416107
0.812081

0.0925926
0.111111
0.123457
0.0555556
0
0
0
0.0864198
0.0246914
0
0
0.0864198
0.117284
0.123457
0.123457
0.0555556
0.382716
0.0864198
0.111111
0.419753
0.234568
0.234568
0.246914
0.283951
0.148148
0.17284
0.592593
1.19753
0.41358
0.265432
0.462963
0.851852

0.0983607
0.0491803
0
0
0.0491803
0.0874317
0.125683
0.0819672
0.0491803
0.0819672
0.131148
0.0874317
0.103825
0.0491803
0.00546448
0
0.147541
0.344262
0.349727
0.15847
0.300546
0.26776
0.262295
0.169399
0.31694
0.311475
0.409836
1.20765
0.530055
0.218579
0.743169
0.803279

0.10929
0.0765027
0.0382514
0.00546448
0.0491803
0.0601093
0.136612
0.131148
0.0546448
0.10929
0.0874317
0.0327869
0.0874317
0.0218579
0
0
0.229508
0.377049
0.284153
0.10929
0.300546
0.26776
0.262295
0.169399
0.256831
0.338798
0.469945
1.23497
0.63388
0.163934
0.726776
0.814208

0.104396
0.021978
0
0
0.0494506
0.10989
0.0934066
0.043956
0.0494506
0.0659341
0.137363
0.120879
0.0989011
0.0769231
0.0274725
0
0.126374
0.296703
0.373626
0.203297
0.302198
0.274725
0.258242
0.164835
0.351648
0.258242
0.384615
1.15934
0.43956
0.263736
0.697802
0.82967

0.108108
0.0864865
0.0648649
0.0594595
0.0486486
0.0594595
0.135135
0.108108
0.0540541
0.102703
0.0702703
0
0.0864865
0.0162162
0
0
0.318919
0.351351
0.227027
0.102703
0.297297
0.264865
0.27027
0.167568
0.237838
0.383784
0.513514
1.3027
0.610811
0.118919
0.751351
0.843243

0.0869565
0.00543478
0
0
0.0543478
0.108696
0.0597826
0
0.0380435
0.0543478
0.13587
0.108696
0.11413
0.0978261
0.0815217
0.0543478
0.0923913
0.222826
0.336957
0.347826
0.293478
0.266304
0.277174
0.163043
0.38587
0.228261
0.326087
1.10326
0.336957
0.315217
0.711957
0.804348

0.0969697
0.0666667
0.0121212
0
0.0121212
0.0727273
0.109091
0.0969697
0.0242424
0.0666667
0.109091
0.121212
0.115152
0.0727273
0.0242424
0
0.175758
0.290909
0.321212
0.212121
0.248485
0.278788
0.254545
0.218182
0.278788
0.290909
0.454545
1.24242
0.515152
0.260606
0.648485
0.769697

0.0958904
0.0821918
0.0136986
0
0.0136986
0.0479452
0.109589
0.130137
0.0136986
0.0616438
0.116438
0.123288
0.116438
0.0684932
0.00684932
0
0.191781
0.30137
0.315068
0.191781
0.239726
0.260274
0.246575
0.253425
0.260274
0.287671
0.506849
1.30822
0.561644
0.253425
0.643836
0.753425

0.108527
0.0620155
0.00775194
0
0
0.0620155
0.139535
0.100775
0.00775194
0.0697674
0.124031
0.139535
0.100775
0.0620155
0.0155039
0
0.178295
0.302326
0.341085
0.178295
0.217054
0.255814
0.286822
0.24031
0.294574
0.310078
0.465116
1.31008
0.511628
0.271318
0.651163
0.751938

0.106061
0.0530303
0
0
0.00757576
0.0757576
0.143939
0.0909091
0.00757576
0.0606061
0.113636
0.143939
0.106061
0.0681818
0.0227273
0
0.159091
0.318182
0.325758
0.19697
0.227273
0.257576
0.280303
0.234848
0.295455
0.310606
0.431818
1.27273
0.515152
0.272727
0.651515
0.734848

0.108527
0.0620155
0.00775194
0
0
0.0620155
0.139535
0.100775
0.00775194
0.0697674
0.124031
0.139535
0.100775
0.0620155
0.0155039
0
0.178295
0.302326
0.341085
0.178295
0.217054
0.255814
0.286822
0.24031
0.294574
0.310078
0.465116
1.31008
0.511628
0.271318
0.651163
0.751938

0.0731707
0.00487805
0.00487805
0.0731707
0.0634146
0.107317
0.112195
0.0585366
0.0682927
0.102439
0.107317
0.0682927
0.0731707
0.00487805
0.00487805
0.0731707
0.156098
0.341463
0.346341
0.156098
0.278049
0.219512
0.229268
0.273171
0.360976
0.360976
0.326829
1.32195
0.478049
0.24878
0.819512
0.785366

0.0114943
0
0
0.0689655
0.126437
0.103448
0.126437
0.0632184
0.0574713
0.12069
0.109195
0.12069
0.0747126
0
0
0.0172414
0.0804598
0.41954
0.408046
0.091954
0.270115
0.224138
0.235632
0.270115
0.241379
0.390805
0.252874
1.15517
0.557471
0.258621
0.787356
0.758621

0.0924855
0
0
0.0346821
0.0578035
0.109827
0.0982659
0.0982659
0.109827
0.104046
0.115607
0.0635838
0.0231214
0
0.00578035
0.0867052
0.127168
0.364162
0.393064
0.115607
0.283237
0.213873
0.219653
0.283237
0.404624
0.260116
0.34104
1.28902
0.485549
0.254335
0.745665
0.809249

0
0
0
0.0833333
0.134615
0.0897436
0.121795
0.0512821
0.0512821
0.121795
0.102564
0.141026
0.0961538
0.00641026
0
0
0.0833333
0.397436
0.416667
0.102564
0.282051
0.217949
0.224359
0.275641
0.192308
0.423077
0.24359
1.13462
0.544872
0.269231
0.807692
0.782051

0.089172
0
0
0
0.0509554
0.11465
0.0955414
0.133758
0.140127
0.089172
0.127389
0.0573248
0
0
0.00636943
0.0955414
0.089172
0.394904
0.414013
0.101911
0.280255
0.203822
0.229299
0.286624
0.426752
0.184713
0.350318
1.24841
0.528662
0.242038
0.687898
0.789809

0.0714286
0
0.00793651
0.0793651
0.047619
0.126984
0.142857
0.0396825
0.0634921
0.119048
0.111111
0.0714286
0.0793651
0
0
0.0396825
0.15873
0.357143
0.365079
0.119048
0.261905
0.246032
0.261905
0.230159
0.349206
0.420635
0.309524
1.30952
0.484127
0.230159
0.833333
0.785714

0.0920245
0.00613497
0.00613497
0.0736196
0.0490798
0.110429
0.110429
0.0552147
0.0674847
0.104294
0.116564
0.0490798
0.0797546
0
0.00613497
0.0736196
0.177914
0.325153
0.337423
0.159509
0.288344
0.220859
0.239264
0.251534
0.392638
0.368098
0.349693
1.36196
0.466258
0.226994
0.846626
0.809816

0.0714286
0
0.00793651
0.0793651
0.047619
0.126984
0.142857
0.0396825
0.0634921
0.119048
0.111111
0.0714286
0.0793651
0
0
0.0396825
0.15873
0.357143
0.365079
0.119048
0.261905
0.246032
0.261905
0.230159
0.349206
0.420635
0.309524
1.30952
0.484127
0.230159
0.833333
0.785714

0.0714286
0
0.00793651
0.0793651
0.047619
0.126984
0.142857
0.0396825
0.0634921
0.119048
0.111111
0.0714286
0.0793651
0
0
0.0396825
0.15873
0.357143
0.365079
0.119048
0.261905
0.246032
0.261905
0.230159
0.349206
0.420635
0.309524
1.30952
0.484127
0.230159
0.833333
0.785714

0.0714286
0
0.00793651
0.0793651
0.047619
0.126984
0.142857
0.0396825
0.0634921
0.119048
0.111111
0.0714286
0.0793651
0
0
0.0396825
0.15873
0.357143
0.365079
0.119048
0.261905
0.246032
0.261905
0.230159
0.349206
0.420635
0.309524
1.30952
0.484127
0.230159
0.833333
0.785714

0.0913979
0.016129
0
0
0.0860215
0.129032
0.107527
0.102151
0.0806452
0.123656
0.0806452
0.0806452
0.0913979
0.0107527
0
0
0.107527
0.424731
0.365591
0.102151
0.349462
0.27957
0.188172
0.182796
0.301075
0.322581
0.301075
1.10753
0.61828
0.215054
0.752688
0.822581

0.10241
0.0240964
0.0240964
0.0301205
0.0662651
0.150602
0.150602
0.144578
0.0903614
0.0963855
0.0301205
0.0180723
0.0722892
0
0
0
0.180723
0.512048
0.23494
0.0722892
0.331325
0.271084
0.204819
0.192771
0.283133
0.349398
0.355422
1.18072
0.753012
0.114458
0.710843
0.746988

0.0898204
0
0
0
0.0778443
0.11976
0.0718563
0.0538922
0.0838323
0.137725
0.11976
0.143713
0.0838323
0.0179641
0
0
0.0898204
0.323353
0.48503
0.101796
0.335329
0.275449
0.191617
0.197605
0.329341
0.293413
0.281437
1.1018
0.461078
0.299401
0.748503
0.91018

0.1
0
0
0
0.0666667
0.2
0.111111
0.111111
0.0666667
0.155556
0.0555556
0.0333333
0.1
0
0
0
0.1
0.488889
0.311111
0.1
0.333333
0.355556
0.166667
0.144444
0.355556
0.366667
0.266667
1.13333
0.7
0.188889
0.755556
0.744444

0.0894309
0
0
0
0.0650406
0.146341
0.0813008
0.0731707
0.0650406
0.154472
0.105691
0.105691
0.105691
0.00813008
0
0
0.0894309
0.365854
0.430894
0.113821
0.325203
0.308943
0.186992
0.178862
0.341463
0.341463
0.276423
1.13821
0.544715
0.268293
0.772358
0.845528

0.104294
0.0368098
0.0245399
0.0736196
0.0736196
0.153374
0.153374
0.104294
0.0920245
0.0920245
0.00613497
0
0.0858896
0
0
0
0.239264
0.484663
0.190184
0.0858896
0.355828
0.282209
0.184049
0.177914
0.263804
0.404908
0.349693
1.19632
0.699386
0.0920245
0.766871
0.785276

0.0727273
0
0
0
0.0969697
0.0848485
0.0121212
0
0.0666667
0.151515
0.151515
0.127273
0.0969697
0.030303
0.0363636
0.0727273
0.0727273
0.193939
0.49697
0.236364
0.333333
0.266667
0.2
0.2
0.381818
0.260606
0.254545
1.09697
0.290909
0.381818
0.818182
0.939394

0.101852
0.00925926
0
0
0.0462963
0.175926
0.138889
0.138889
0.0648148
0.138889
0.0462963
0.0462963
0.0925926
0
0
0
0.111111
0.5
0.296296
0.0925926
0.305556
0.324074
0.185185
0.185185
0.324074
0.37037
0.296296
1.17593
0.731481
0.185185
0.722222
0.712963

0.0588235
0
0
0
0.0588235
0.152941
0.117647
0.0823529
0.0588235
0.188235
0.117647
0.0823529
0.0823529
0
0
0
0.0588235
0.411765
0.447059
0.0823529
0.258824
0.341176
0.235294
0.164706
0.329412
0.388235
0.258824
1.14118
0.576471
0.270588
0.764706
0.764706

0.0980392
0
0
0
0.0392157
0.176471
0.0980392
0.0784314
0.0588235
0.176471
0.0980392
0.0784314
0.0980392
0
0
0
0.0980392
0.392157
0.411765
0.0980392
0.294118
0.352941
0.196078
0.156863
0.372549
0.372549
0.27451
1.17647
0.568627
0.254902
0.764706
0.803922

0.0585106
0
0.0159574
0.0851064
0.0797872
0.037234
0.117021
0.111702
0.117021
0.117021
0.0319149
0.0797872
0.0851064
0.0106383
0
0.0531915
0.159574
0.345745
0.345745
0.148936
0.340426
0.164894
0.164894
0.329787
0.180851
0.404255
0.31383
1.22872
0.558511
0.260638
0.829787
0.845745

0.03125
0
0.01875
0.10625
0.09375
0.04375
0.11875
0.11875
0.13125
0.1125
0.025
0.09375
0.0875
0
0
0.01875
0.15625
0.375
0.3625
0.10625
0.34375
0.15625
0.1625
0.3375
0.11875
0.425
0.3
1.18125
0.6
0.225
0.8125
0.8625

0.068323
0
0
0.0372671
0.0931677
0.0434783
0.111801
0.142857
0.149068
0.118012
0.0434783
0.0931677
0.0372671
0
0
0.0621118
0.10559
0.391304
0.403727
0.0993789
0.347826
0.161491
0.15528
0.335404
0.217391
0.304348
0.291925
1.14907
0.571429
0.273292
0.757764
0.857143

0
0
0.00694444
0.0902778
0.0972222
0.0208333
0.131944
0.131944
0.138889
0.131944
0.0277778
0.0972222
0.104167
0.0138889
0
0.00694444
0.0972222
0.381944
0.395833
0.125
0.340278
0.166667
0.166667
0.326389
0.0555556
0.458333
0.270833
1.11111
0.625
0.25
0.833333
0.833333

0.0694444
0
0
0
0.104167
0.0416667
0.111111
0.159722
0.159722
0.118056
0.0486111
0.104167
0.00694444
0
0
0.0763889
0.0694444
0.416667
0.430556
0.0833333
0.340278
0.159722
0.159722
0.340278
0.236111
0.236111
0.277778
1.09028
0.583333
0.298611
0.701389
0.840278

0.0472441
0
0.023622
0.102362
0.0787402
0.015748
0.125984
0.0944882
0.0944882
0.11811
0.023622
0.0787402
0.11811
0.023622
0
0.0551181
0.173228
0.314961
0.314961
0.19685
0.338583
0.15748
0.173228
0.330709
0.141732
0.464567
0.314961
1.25197
0.551181
0.275591
0.88189
0.826772

0.0307692
0
0.0384615
0.115385
0.0769231
0.0230769
0.130769
0.0846154
0.0846154
0.123077
0.0153846
0.0769231
0.115385
0.0230769
0
0.0615385
0.184615
0.315385
0.3
0.2
0.307692
0.169231
0.184615
0.338462
0.130769
0.484615
0.307692
1.26154
0.553846
0.284615
0.869231
0.792308

0.0314961
0
0.023622
0.11811
0.0787402
0.023622
0.125984
0.0787402
0.0866142
0.133858
0.015748
0.0787402
0.11811
0.023622
0
0.0629921
0.173228
0.307087
0.314961
0.204724
0.314961
0.181102
0.165354
0.338583
0.133858
0.496063
0.291339
1.25984
0.527559
0.299213
0.889764
0.80315

0.0797101
0
0.0289855
0.108696
0.108696
0.0144928
0.115942
0.0724638
0.0797101
0.115942
0.00724638
0.0724638
0.108696
0.0217391
0
0.0652174
0.217391
0.311594
0.275362
0.195652
0.376812
0.152174
0.152174
0.318841
0.166667
0.449275
0.318841
1.25362
0.521739
0.275362
0.898551
0.869565

0.046875
0
0.0234375
0.101562
0.078125
0.015625
0.125
0.09375
0.09375
0.125
0.0234375
0.078125
0.117188
0.0234375
0
0.0546875
0.171875
0.3125
0.320312
0.195312
0.335938
0.164062
0.171875
0.328125
0.140625
0.46875
0.3125
1.25
0.546875
0.28125
0.882812
0.828125

